time,f0,loudness
0.0,0.0,0.14966267347335815
0.0029024943310657597,0.0,0.16819065809249878
0.005804988662131519,0.0,0.1851482391357422
0.008707482993197279,0.0,0.19789709150791168
0.011609977324263039,0.0,0.21127162873744965
0.014512471655328799,0.0,0.21040821075439453
0.017414965986394557,0.0,0.2065323144197464
0.020317460317460317,0.0,0.20540504157543182
0.023219954648526078,0.0,0.20819900929927826
0.026122448979591838,0.0,0.20706090331077576
0.029024943310657598,0.0,0.20814846456050873
0.03192743764172336,0.0,0.21059447526931763
0.034829931972789115,0.0,0.21112070977687836
0.03773242630385488,0.0,0.21589171886444092
0.040634920634920635,0.0,0.21755577623844147
0.04353741496598639,0.0,0.2161155343055725
0.046439909297052155,0.0,0.2203412652015686
0.04934240362811791,0.0,0.21920259296894073
0.052244897959183675,0.0,0.21671074628829956
0.05514739229024943,0.0,0.21706777811050415
0.058049886621315196,0.0,0.21356622874736786
0.06095238095238095,0.0,0.2097569704055786
0.06385487528344672,0.0,0.21018701791763306
0.06675736961451247,0.0,0.20832999050617218
0.06965986394557823,0.0,0.2052239179611206
0.07256235827664399,0.0,0.2053709179162979
0.07546485260770976,0.0,0.20178504288196564
0.0783673469387755,0.0,0.2012074589729309
0.08126984126984127,0.0,0.20401430130004883
0.08417233560090703,0.0,0.19993269443511963
0.08707482993197278,0.0,0.19989725947380066
0.08997732426303855,0.0,0.20453724265098572
0.09287981859410431,0.0,0.20249634981155396
0.09578231292517007,0.0,0.20343300700187683
0.09868480725623582,0.0,0.20589454472064972
0.10158730158730159,0.0,0.20648635923862457
0.10448979591836735,0.0,0.20791074633598328
0.1073922902494331,0.0,0.20914234220981598
0.11029478458049886,0.0,0.20773008465766907
0.11319727891156463,0.0,0.20401506125926971
0.11609977324263039,0.0,0.199411079287529
0.11900226757369614,0.0,0.209743469953537
0.1219047619047619,0.0,0.21647265553474426
0.12480725623582767,702.5131,0.21513940393924713
0.12770975056689343,706.5828,0.21363700926303864
0.1306122448979592,710.676,0.21438930928707123
0.13351473922902493,714.79297,0.21805532276630402
0.1364172335600907,718.9338,0.21920271217823029
0.13931972789115646,718.9338,0.22527144849300385
0.14222222222222222,718.9338,0.2137468308210373
0.14512471655328799,718.9338,0.21178360283374786
0.14802721088435375,718.9338,0.2126936912536621
0.1509297052154195,718.9338,0.21859419345855713
0.15383219954648525,718.9338,0.2213210016489029
0.156734693877551,718.9338,0.22182722389698029
0.15963718820861678,718.9338,0.23070858418941498
0.16253968253968254,723.0985,0.23621580004692078
0.1654421768707483,723.0985,0.2455039620399475
0.16834467120181407,718.9338,0.24774816632270813
0.17124716553287983,718.9338,0.24486646056175232
0.17414965986394557,718.9338,0.2406889796257019
0.17705215419501133,718.9338,0.23915116488933563
0.1799546485260771,718.9338,0.24023029208183289
0.18285714285714286,723.0985,0.23787300288677216
0.18575963718820862,723.0985,0.2363898754119873
0.18866213151927438,718.9338,0.23135535418987274
0.19156462585034015,723.0985,0.23474231362342834
0.19446712018140588,718.9338,0.24339744448661804
0.19736961451247165,718.9338,0.24802860617637634
0.2002721088435374,718.9338,0.2550065219402313
0.20317460317460317,718.9338,0.2536943852901459
0.20607709750566894,718.9338,0.25424641370773315
0.2089795918367347,718.9338,0.2524469494819641
0.21188208616780047,718.9338,0.2545739710330963
0.2147845804988662,718.9338,0.2515120804309845
0.21768707482993196,723.0985,0.24878762662410736
0.22058956916099773,723.0985,0.24420510232448578
0.2234920634920635,723.0985,0.24050116539001465
0.22639455782312926,718.9338,0.23942658305168152
0.22929705215419502,718.9338,0.23588475584983826
0.23219954648526078,718.9338,0.23431867361068726
0.23510204081632652,718.9338,0.22925806045532227
0.23800453514739228,718.9338,0.22414277493953705
0.24090702947845805,718.9338,0.21919666230678558
0.2438095238095238,718.9338,0.21183577179908752
0.24671201814058957,718.9338,0.20432844758033752
0.24961451247165534,714.79297,0.19732412695884705
0.2525170068027211,710.676,0.18917502462863922
0.25541950113378686,714.79297,0.18717887997627258
0.2583219954648526,714.79297,0.18516869843006134
0.2612244897959184,710.676,0.1858886331319809
0.26412698412698415,710.676,0.187876895070076
0.26702947845804986,710.676,0.19921474158763885
0.2699319727891156,714.79297,0.20059581100940704
0.2728344671201814,714.79297,0.20562411844730377
0.27573696145124715,710.676,0.21176111698150635
0.2786394557823129,710.676,0.20804959535598755
0.2815419501133787,0.0,0.20931117236614227
0.28444444444444444,0.0,0.2041633427143097
0.2873469387755102,0.0,0.2023872286081314
0.29024943310657597,0.0,0.19143842160701752
0.29315192743764173,0.0,0.18778038024902344
0.2960544217687075,0.0,0.18479333817958832
0.29895691609977326,0.0,0.17540767788887024
0.301859410430839,0.0,0.17603886127471924
0.3047619047619048,0.0,0.17162999510765076
0.3076643990929705,0.0,0.17085790634155273
0.31056689342403626,0.0,0.16552653908729553
0.313469387755102,0.0,0.17117254436016083
0.3163718820861678,0.0,0.16753122210502625
0.31927437641723355,0.0,0.16977009177207947
0.3221768707482993,0.0,0.173523411154747
0.3250793650793651,0.0,0.16895344853401184
0.32798185941043084,0.0,0.16966204345226288
0.3308843537414966,0.0,0.16688194870948792
0.33378684807256237,0.0,0.16998296976089478
0.33668934240362813,0.0,0.17269501090049744
0.3395918367346939,0.0,0.184671089053154
0.34249433106575966,0.0,0.19233280420303345
0.3453968253968254,0.0,0.2038457691669464
0.34829931972789113,0.0,0.21328575909137726
0.3512018140589569,0.0,0.2244364321231842
0.35410430839002266,0.0,0.2353818118572235
0.3570068027210884,0.0,0.23950499296188354
0.3599092970521542,0.0,0.24886702001094818
0.36281179138321995,0.0,0.25263750553131104
0.3657142857142857,0.0,0.25353166460990906
0.3686167800453515,0.0,0.25385600328445435
0.37151927437641724,0.0,0.25648364424705505
0.374421768707483,0.0,0.2563941478729248
0.37732426303854877,0.0,0.2539313733577728
0.38022675736961453,0.0,0.2545505464076996
0.3831292517006803,0.0,0.25151321291923523
0.38603174603174606,0.0,0.2479485273361206
0.38893424036281177,0.0,0.24260200560092926
0.39183673469387753,0.0,0.24282914400100708
0.3947392290249433,0.0,0.23828847706317902
0.39764172335600906,0.0,0.23551957309246063
0.4005442176870748,0.0,0.23597651720046997
0.4034467120181406,0.0,0.2340867519378662
0.40634920634920635,0.0,0.23507851362228394
0.4092517006802721,0.0,0.23728281259536743
0.4121541950113379,0.0,0.24004432559013367
0.41505668934240364,0.0,0.24525436758995056
0.4179591836734694,0.0,0.2491195797920227
0.42086167800453517,0.0,0.24949297308921814
0.42376417233560093,0.0,0.2575485408306122
0.4266666666666667,0.0,0.25652047991752625
0.4295691609977324,0.0,0.25414443016052246
0.43247165532879817,0.0,0.2532319724559784
0.43537414965986393,0.0,0.24796882271766663
0.4382766439909297,0.0,0.23825602233409882
0.44117913832199546,0.0,0.22558139264583588
0.4440816326530612,0.0,0.2227991819381714
0.446984126984127,0.0,0.20937815308570862
0.44988662131519275,0.0,0.216340109705925
0.4527891156462585,0.0,0.2093246877193451
0.4556916099773243,0.0,0.21359549462795258
0.45859410430839004,0.0,0.2163471132516861
0.4614965986394558,0.0,0.22613076865673065
0.46439909297052157,526.28937,0.23647452890872955
0.46730158730158733,526.28937,0.2405381202697754
0.47020408163265304,526.28937,0.24564141035079956
0.4731065759637188,529.33813,0.24914605915546417
0.47600907029478456,529.33813,0.25640395283699036
0.47891156462585033,526.28937,0.25410616397857666
0.4818140589569161,526.28937,0.2666696310043335
0.48471655328798186,529.33813,0.25880879163742065
0.4876190476190476,529.33813,0.2685220241546631
0.4905215419501134,529.33813,0.2638605833053589
0.49342403628117915,529.33813,0.27023935317993164
0.4963265306122449,526.28937,0.26356643438339233
0.4992290249433107,529.33813,0.2686288356781006
0.5021315192743764,529.33813,0.2612634301185608
0.5050340136054422,529.33813,0.25657638907432556
0.5079365079365079,529.33813,0.2561960518360138
0.5108390022675737,529.33813,0.25266313552856445
0.5137414965986394,529.33813,0.25260722637176514
0.5166439909297053,529.33813,0.2542109787464142
0.519546485260771,529.33813,0.2538120448589325
0.5224489795918368,529.33813,0.24630789458751678
0.5253514739229025,532.40454,0.2519374191761017
0.5282539682539683,529.33813,0.2490718811750412
0.531156462585034,529.33813,0.2532534599304199
0.5340589569160997,529.33813,0.24718843400478363
0.5369614512471655,529.33813,0.252724289894104
0.5398639455782313,529.33813,0.23834827542304993
0.5427664399092971,529.33813,0.24212785065174103
0.5456689342403628,529.33813,0.23941877484321594
0.5485714285714286,529.33813,0.24554768204689026
0.5514739229024943,529.33813,0.24558968842029572
0.5543764172335601,529.33813,0.24821260571479797
0.5572789115646258,532.40454,0.2503552734851837
0.5601814058956917,532.40454,0.25251930952072144
0.5630839002267574,529.33813,0.2653769552707672
0.5659863945578232,529.33813,0.2675037682056427
0.5688888888888889,529.33813,0.27574530243873596
0.5717913832199546,529.33813,0.2725773751735687
0.5746938775510204,532.40454,0.2762204706668854
0.5775963718820861,532.40454,0.2717684805393219
0.5804988662131519,529.33813,0.2739456295967102
0.5834013605442177,529.33813,0.2727072238922119
0.5863038548752835,529.33813,0.270190566778183
0.5892063492063492,529.33813,0.2668004333972931
0.592108843537415,532.40454,0.26751959323883057
0.5950113378684807,532.40454,0.2666817009449005
0.5979138321995465,532.40454,0.26412129402160645
0.6008163265306122,529.33813,0.2678518295288086
0.603718820861678,529.33813,0.27015453577041626
0.6066213151927438,529.33813,0.26824265718460083
0.6095238095238096,529.33813,0.268838495016098
0.6124263038548753,532.40454,0.27016979455947876
0.615328798185941,529.33813,0.25397974252700806
0.6182312925170068,532.40454,0.24981611967086792
0.6211337868480725,529.33813,0.2490914911031723
0.6240362811791383,535.4888,0.24460770189762115
0.626938775510204,551.1799,0.24803116917610168
0.6298412698412699,557.5843,0.26011455059051514
0.6327437641723356,541.7109,0.2646653950214386
0.6356462585034014,544.849,0.2558940052986145
0.6385487528344671,548.0053,0.2578612267971039
0.6414512471655329,548.0053,0.2721511423587799
0.6443537414965986,548.0053,0.2741004228591919
0.6472562358276645,551.1799,0.2752709686756134
0.6501587301587302,557.5843,0.2657463252544403
0.6530612244897959,548.0053,0.2548830211162567
0.6559637188208617,551.1799,0.25038886070251465
0.6588662131519274,551.1799,0.25761106610298157
0.6617687074829932,554.3728,0.266175776720047
0.6646712018140589,557.5843,0.26140496134757996
0.6675736961451247,557.5843,0.26319149136543274
0.6704761904761904,560.81433,0.2707706093788147
0.6733786848072563,557.5843,0.27803826332092285
0.676281179138322,557.5843,0.2796129584312439
0.6791836734693878,557.5843,0.2798946499824524
0.6820861678004535,554.3728,0.2851768136024475
0.6849886621315193,554.3728,0.28593242168426514
0.687891156462585,554.3728,0.28420138359069824
0.6907936507936508,554.3728,0.2788219451904297
0.6936961451247166,554.3728,0.27720019221305847
0.6965986394557823,554.3728,0.2755421996116638
0.6995011337868481,557.5843,0.2750609815120697
0.7024036281179138,557.5843,0.2732924222946167
0.7053061224489796,557.5843,0.26710107922554016
0.7082086167800453,560.81433,0.2701611816883087
0.7111111111111111,557.5843,0.2788403630256653
0.7140136054421768,557.5843,0.2781568467617035
0.7169160997732427,554.3728,0.2716948390007019
0.7198185941043084,554.3728,0.2690128684043884
0.7227210884353742,557.5843,0.26758167147636414
0.7256235827664399,557.5843,0.2657889127731323
0.7285260770975057,557.5843,0.26506534218788147
0.7314285714285714,557.5843,0.25866225361824036
0.7343310657596371,557.5843,0.24433304369449615
0.737233560090703,557.5843,0.2425176054239273
0.7401360544217687,557.5843,0.24318601191043854
0.7430385487528345,560.81433,0.24009300768375397
0.7459410430839002,560.81433,0.24014592170715332
0.748843537414966,557.5843,0.23840928077697754
0.7517460317460317,557.5843,0.23907257616519928
0.7546485260770975,557.5843,0.24575655162334442
0.7575510204081632,557.5843,0.24799098074436188
0.7604535147392291,557.5843,0.24900996685028076
0.7633560090702948,557.5843,0.2518579065799713
0.7662585034013606,554.3728,0.2514210641384125
0.7691609977324263,554.3728,0.25001078844070435
0.7720634920634921,557.5843,0.251945436000824
0.7749659863945578,557.5843,0.25060394406318665
0.7778684807256235,560.81433,0.24908670783042908
0.7807709750566894,560.81433,0.24784888327121735
0.7836734693877551,557.5843,0.24391190707683563
0.7865759637188209,557.5843,0.23857992887496948
0.7894784580498866,554.3728,0.23356686532497406
0.7923809523809524,557.5843,0.22935283184051514
0.7952834467120181,557.5843,0.21985116600990295
0.7981859410430839,554.3728,0.21629741787910461
0.8010884353741496,557.5843,0.20290294289588928
0.8039909297052155,557.5843,0.19466252624988556
0.8068934240362812,557.5843,0.19675342738628387
0.809795918367347,560.81433,0.20027275383472443
0.8126984126984127,560.81433,0.19994693994522095
0.8156009070294784,560.81433,0.21591703593730927
0.8185034013605442,0.0,0.23295265436172485
0.8214058956916099,0.0,0.23558098077774048
0.8243083900226758,0.0,0.24909614026546478
0.8272108843537415,0.0,0.2588065564632416
0.8301133786848073,0.0,0.2584081292152405
0.833015873015873,0.0,0.25926828384399414
0.8359183673469388,0.0,0.26932236552238464
0.8388208616780045,0.0,0.2647111117839813
0.8417233560090703,0.0,0.25023725628852844
0.844625850340136,0.0,0.25631412863731384
0.8475283446712019,0.0,0.2555038332939148
0.8504308390022676,633.1399,0.25565096735954285
0.8533333333333334,629.4933,0.25955018401145935
0.8562358276643991,629.4933,0.25934898853302
0.8591383219954648,625.8676,0.2626948058605194
0.8620408163265306,629.4933,0.2616557776927948
0.8649433106575963,629.4933,0.27557501196861267
0.8678458049886622,629.4933,0.27934470772743225
0.8707482993197279,629.4933,0.2753455340862274
0.8736507936507937,629.4933,0.28200075030326843
0.8765532879818594,629.4933,0.28863394260406494
0.8794557823129252,625.8676,0.2983107268810272
0.8823582766439909,625.8676,0.29882216453552246
0.8852607709750567,629.4933,0.29583027958869934
0.8881632653061224,629.4933,0.28950777649879456
0.8910657596371883,629.4933,0.28750190138816833
0.893968253968254,629.4933,0.289654940366745
0.8968707482993197,625.8676,0.28277379274368286
0.8997732426303855,625.8676,0.2775256931781769
0.9026757369614512,625.8676,0.26620230078697205
0.905578231292517,625.8676,0.25390860438346863
0.9084807256235827,625.8676,0.2524120807647705
0.9113832199546485,625.8676,0.24822264909744263
0.9142857142857143,625.8676,0.24779412150382996
0.9171882086167801,625.8676,0.2473200410604477
0.9200907029478458,625.8676,0.2397603541612625
0.9229931972789116,625.8676,0.24079090356826782
0.9258956916099773,622.2629,0.24980035424232483
0.9287981859410431,622.2629,0.2541672885417938
0.9317006802721088,622.2629,0.2610282897949219
0.9346031746031747,622.2629,0.2637261152267456
0.9375056689342404,625.8676,0.26029402017593384
0.9404081632653061,625.8676,0.26242950558662415
0.9433106575963719,625.8676,0.2690175771713257
0.9462131519274376,625.8676,0.26772308349609375
0.9491156462585034,625.8676,0.2581184208393097
0.9520181405895691,629.4933,0.2565823495388031
0.954920634920635,625.8676,0.2502102851867676
0.9578231292517007,625.8676,0.25075629353523254
0.9607256235827665,625.8676,0.25365012884140015
0.9636281179138322,629.4933,0.25217118859291077
0.966530612244898,629.4933,0.2547011971473694
0.9694331065759637,629.4933,0.2574547529220581
0.9723356009070295,625.8676,0.2647070586681366
0.9752380952380952,629.4933,0.2726263999938965
0.978140589569161,629.4933,0.27785274386405945
0.9810430839002268,629.4933,0.28214868903160095
0.9839455782312925,625.8676,0.2810439169406891
0.9868480725623583,629.4933,0.2790473997592926
0.989750566893424,629.4933,0.27529945969581604
0.9926530612244898,629.4933,0.2733713686466217
0.9955555555555555,629.4933,0.2688395082950592
0.9984580498866213,629.4933,0.25954699516296387
1.0013605442176872,625.8676,0.2508851885795593
1.0042630385487528,629.4933,0.24740786850452423
1.0071655328798186,629.4933,0.25201600790023804
1.0100680272108844,629.4933,0.26152828335762024
1.0129705215419502,629.4933,0.2652103900909424
1.0158730158730158,633.1399,0.2698487937450409
1.0187755102040816,633.1399,0.2772098183631897
1.0216780045351475,629.4933,0.28692054748535156
1.024580498866213,625.8676,0.2975890338420868
1.0274829931972789,625.8676,0.3048480153083801
1.0303854875283447,629.4933,0.3065973222255707
1.0332879818594105,633.1399,0.3016757071018219
1.036190476190476,629.4933,0.30518123507499695
1.039092970521542,629.4933,0.3035980761051178
1.0419954648526077,629.4933,0.3033459484577179
1.0448979591836736,629.4933,0.3001459240913391
1.0478004535147392,625.8676,0.29127535223960876
1.050702947845805,625.8676,0.27849799394607544
1.0536054421768708,625.8676,0.2670547068119049
1.0565079365079366,625.8676,0.2581266760826111
1.0594104308390022,625.8676,0.2456878125667572
1.062312925170068,625.8676,0.23849496245384216
1.0652154195011339,625.8676,0.223745197057724
1.0681179138321995,622.2629,0.21685826778411865
1.0710204081632653,625.8676,0.22423353791236877
1.073922902494331,622.2629,0.23715944588184357
1.076825396825397,622.2629,0.24902090430259705
1.0797278911564625,622.2629,0.25790080428123474
1.0826303854875283,625.8676,0.2631274461746216
1.0855328798185941,625.8676,0.26986703276634216
1.08843537414966,625.8676,0.28528356552124023
1.0913378684807256,625.8676,0.2949661314487457
1.0942403628117914,625.8676,0.2963387370109558
1.0971428571428572,625.8676,0.29999324679374695
1.1000453514739228,622.2629,0.3008454740047455
1.1029478458049886,622.2629,0.30779334902763367
1.1058503401360544,625.8676,0.31339123845100403
1.1087528344671203,625.8676,0.31558072566986084
1.1116553287981858,625.8676,0.3101564943790436
1.1145578231292517,625.8676,0.3004765212535858
1.1174603174603175,625.8676,0.2946282625198364
1.1203628117913833,622.2629,0.2842980921268463
1.123265306122449,625.8676,0.2766692042350769
1.1261678004535147,622.2629,0.26896706223487854
1.1290702947845805,622.2629,0.26156085729599
1.1319727891156464,622.2629,0.2577139735221863
1.134875283446712,625.8676,0.25635409355163574
1.1377777777777778,625.8676,0.266085147857666
1.1406802721088436,625.8676,0.2698087692260742
1.1435827664399092,625.8676,0.26946064829826355
1.146485260770975,625.8676,0.2739163041114807
1.1493877551020408,625.8676,0.27890270948410034
1.1522902494331067,622.2629,0.28848448395729065
1.1551927437641722,625.8676,0.2994498610496521
1.158095238095238,625.8676,0.30850669741630554
1.1609977324263039,625.8676,0.3120013177394867
1.1639002267573697,625.8676,0.31298816204071045
1.1668027210884353,625.8676,0.31575626134872437
1.1697052154195011,625.8676,0.3150736391544342
1.172607709750567,625.8676,0.3107258379459381
1.1755102040816328,625.8676,0.3042316734790802
1.1784126984126984,625.8676,0.2931808531284332
1.1813151927437642,625.8676,0.28655534982681274
1.18421768707483,625.8676,0.2836441397666931
1.1871201814058956,629.4933,0.287891685962677
1.1900226757369614,629.4933,0.289350688457489
1.1929251700680272,625.8676,0.28753718733787537
1.195827664399093,625.8676,0.281507670879364
1.1987301587301586,625.8676,0.2765021026134491
1.2016326530612245,625.8676,0.27239400148391724
1.2045351473922903,625.8676,0.26471492648124695
1.207437641723356,625.8676,0.25389400124549866
1.2103401360544217,629.4933,0.23838379979133606
1.2132426303854875,629.4933,0.22657890617847443
1.2161451247165533,629.4933,0.2189251184463501
1.2190476190476192,625.8676,0.21115019917488098
1.2219501133786848,625.8676,0.21672478318214417
1.2248526077097506,625.8676,0.21568594872951508
1.2277551020408164,633.1399,0.216317281126976
1.230657596371882,629.4933,0.21732865273952484
1.2335600907029478,629.4933,0.2183043509721756
1.2364625850340136,629.4933,0.23667463660240173
1.2393650793650794,629.4933,0.24349409341812134
1.242267573696145,625.8676,0.24826189875602722
1.2451700680272109,625.8676,0.2474304884672165
1.2480725623582767,625.8676,0.23776775598526
1.2509750566893425,625.8676,0.22848203778266907
1.253877551020408,625.8676,0.22617410123348236
1.256780045351474,625.8676,0.23198243975639343
1.2596825396825397,625.8676,0.22568239271640778
1.2625850340136053,625.8676,0.21877562999725342
1.2654875283446712,629.4933,0.22715283930301666
1.268390022675737,629.4933,0.23091734945774078
1.2712925170068028,625.8676,0.23899687826633453
1.2741950113378684,622.2629,0.2475825399160385
1.2770975056689342,625.8676,0.2531338930130005
1.28,629.4933,0.2507984936237335
1.2829024943310658,629.4933,0.24764478206634521
1.2858049886621314,629.4933,0.25305595993995667
1.2887074829931973,625.8676,0.2480120211839676
1.291609977324263,625.8676,0.2368316352367401
1.294512471655329,625.8676,0.23747475445270538
1.2974149659863945,629.4933,0.24132299423217773
1.3003174603174603,629.4933,0.24809418618679047
1.3032199546485261,629.4933,0.24898283183574677
1.3061224489795917,629.4933,0.24968162178993225
1.3090249433106576,629.4933,0.24993158876895905
1.3119274376417234,629.4933,0.25041016936302185
1.3148299319727892,625.8676,0.2586674988269806
1.3177324263038548,625.8676,0.2610119581222534
1.3206349206349206,629.4933,0.2636857032775879
1.3235374149659864,629.4933,0.2586822807788849
1.3264399092970522,629.4933,0.25961723923683167
1.3293424036281178,629.4933,0.25723451375961304
1.3322448979591837,629.4933,0.25762537121772766
1.3351473922902495,629.4933,0.2582468092441559
1.3380498866213153,629.4933,0.26121073961257935
1.340952380952381,625.8676,0.26305556297302246
1.3438548752834467,629.4933,0.25790733098983765
1.3467573696145125,629.4933,0.2623845934867859
1.3496598639455781,629.4933,0.26427045464515686
1.352562358276644,629.4933,0.266487181186676
1.3554648526077098,629.4933,0.2706374228000641
1.3583673469387756,629.4933,0.27081426978111267
1.3612698412698412,629.4933,0.2657946050167084
1.364172335600907,629.4933,0.268910676240921
1.3670748299319728,629.4933,0.2742164134979248
1.3699773242630386,629.4933,0.27024903893470764
1.3728798185941042,629.4933,0.2760974168777466
1.37578231292517,629.4933,0.27409544587135315
1.3786848072562359,629.4933,0.26879721879959106
1.3815873015873017,629.4933,0.2698557376861572
1.3844897959183673,629.4933,0.26926541328430176
1.3873922902494331,629.4933,0.26628974080085754
1.390294784580499,629.4933,0.2612833082675934
1.3931972789115645,629.4933,0.25804978609085083
1.3960997732426303,629.4933,0.252339631319046
1.3990022675736962,629.4933,0.2550697326660156
1.401904761904762,629.4933,0.25890806317329407
1.4048072562358276,629.4933,0.2604709565639496
1.4077097505668934,629.4933,0.26138535141944885
1.4106122448979592,629.4933,0.2617270052433014
1.413514739229025,629.4933,0.2620187997817993
1.4164172335600906,629.4933,0.26686927676200867
1.4193197278911565,629.4933,0.26801154017448425
1.4222222222222223,629.4933,0.2694339156150818
1.4251247165532879,629.4933,0.2623840868473053
1.4280272108843537,629.4933,0.26168113946914673
1.4309297052154195,629.4933,0.25926199555397034
1.4338321995464853,629.4933,0.25485801696777344
1.436734693877551,629.4933,0.2476605325937271
1.4396371882086167,625.8676,0.23507988452911377
1.4425396825396826,625.8676,0.2266141027212143
1.4454421768707484,0.0,0.21632833778858185
1.448344671201814,0.0,0.21748343110084534
1.4512471655328798,557.5843,0.21333836019039154
1.4541496598639456,557.5843,0.2136775106191635
1.4570521541950114,557.5843,0.21611182391643524
1.459954648526077,554.3728,0.22557476162910461
1.4628571428571429,557.5843,0.2340768575668335
1.4657596371882087,560.81433,0.23468537628650665
1.4686621315192743,560.81433,0.24161694943904877
1.47156462585034,560.81433,0.23906385898590088
1.474467120181406,560.81433,0.23839129507541656
1.4773696145124717,560.81433,0.23359434306621552
1.4802721088435373,560.81433,0.22764252126216888
1.4831746031746031,560.81433,0.22339121997356415
1.486077097505669,560.81433,0.21502187848091125
1.4889795918367348,557.5843,0.2118302881717682
1.4918820861678004,557.5843,0.20447686314582825
1.4947845804988662,557.5843,0.20043028891086578
1.497687074829932,554.3728,0.19888192415237427
1.5005895691609978,554.3728,0.19687193632125854
1.5034920634920634,557.5843,0.19407573342323303
1.5063945578231293,560.81433,0.18836741149425507
1.509297052154195,560.81433,0.18625834584236145
1.5121995464852607,560.81433,0.18877935409545898
1.5151020408163265,560.81433,0.18349027633666992
1.5180045351473923,560.81433,0.18550658226013184
1.5209070294784581,557.5843,0.18057167530059814
1.5238095238095237,560.81433,0.1793612688779831
1.5267120181405895,557.5843,0.18365725874900818
1.5296145124716554,557.5843,0.17891693115234375
1.5325170068027212,557.5843,0.17906983196735382
1.5354195011337868,557.5843,0.17299026250839233
1.5383219954648526,557.5843,0.17267659306526184
1.5412244897959184,557.5843,0.1736111342906952
1.5441269841269842,557.5843,0.17285291850566864
1.5470294784580498,557.5843,0.17576797306537628
1.5499319727891157,560.81433,0.17235064506530762
1.5528344671201815,560.81433,0.17366020381450653
1.555736961451247,560.81433,0.17527024447917938
1.5586394557823129,560.81433,0.17742682993412018
1.5615419501133787,560.81433,0.17533066868782043
1.5644444444444445,557.5843,0.17016713321208954
1.5673469387755101,557.5843,0.17113244533538818
1.570249433106576,557.5843,0.1645907759666443
1.5731519274376418,557.5843,0.1645771861076355
1.5760544217687076,557.5843,0.16375944018363953
1.5789569160997732,557.5843,0.15935218334197998
1.581859410430839,560.81433,0.159601092338562
1.5847619047619048,560.81433,0.15832237899303436
1.5876643990929704,560.81433,0.16193239390850067
1.5905668934240362,560.81433,0.16158872842788696
1.593469387755102,560.81433,0.1658717691898346
1.5963718820861679,560.81433,0.16231946647167206
1.5992743764172335,557.5843,0.1622721254825592
1.6021768707482993,557.5843,0.1643303483724594
1.605079365079365,557.5843,0.15920554101467133
1.607981859410431,557.5843,0.16298332810401917
1.6108843537414965,557.5843,0.15901172161102295
1.6137868480725623,560.81433,0.15695343911647797
1.6166893424036282,557.5843,0.15991538763046265
1.619591836734694,560.81433,0.161092609167099
1.6224943310657596,560.81433,0.16366280615329742
1.6253968253968254,560.81433,0.16550138592720032
1.6282993197278912,560.81433,0.17021824419498444
1.6312018140589568,560.81433,0.17264074087142944
1.6341043083900226,560.81433,0.1746090054512024
1.6370068027210884,557.5843,0.1753363162279129
1.6399092970521543,557.5843,0.17108596861362457
1.6428117913832199,557.5843,0.1764349490404129
1.6457142857142857,557.5843,0.17568454146385193
1.6486167800453515,557.5843,0.1791083961725235
1.6515192743764173,560.81433,0.18038888275623322
1.654421768707483,560.81433,0.1810552179813385
1.6573242630385487,560.81433,0.18632453680038452
1.6602267573696146,560.81433,0.1951567828655243
1.6631292517006804,560.81433,0.20548348128795624
1.666031746031746,557.5843,0.21053557097911835
1.6689342403628118,557.5843,0.21226194500923157
1.6718367346938776,551.1799,0.223896324634552
1.6747392290249432,544.849,0.22540687024593353
1.677641723356009,544.849,0.22861157357692719
1.6805442176870748,538.5908,0.2363635152578354
1.6834467120181407,535.4888,0.23801352083683014
1.6863492063492063,535.4888,0.23616352677345276
1.689251700680272,532.40454,0.2364778369665146
1.692154195011338,532.40454,0.24702765047550201
1.6950566893424037,535.4888,0.23850254714488983
1.6979591836734693,535.4888,0.24495761096477509
1.7008616780045351,532.40454,0.2492314577102661
1.703764172335601,535.4888,0.2545527517795563
1.7066666666666668,532.40454,0.24828767776489258
1.7095691609977324,532.40454,0.25286662578582764
1.7124716553287982,532.40454,0.25859785079956055
1.715374149659864,529.33813,0.260526567697525
1.7182766439909296,529.33813,0.26686498522758484
1.7211791383219954,529.33813,0.26983001828193665
1.7240816326530612,529.33813,0.26982876658439636
1.726984126984127,532.40454,0.26401782035827637
1.7298866213151927,532.40454,0.2675354778766632
1.7327891156462585,535.4888,0.2573391795158386
1.7356916099773243,535.4888,0.2584518492221832
1.7385941043083901,529.33813,0.2532973289489746
1.7414965986394557,529.33813,0.24821755290031433
1.7443990929705215,529.33813,0.2403789609670639
1.7473015873015874,529.33813,0.2476484775543213
1.750204081632653,529.33813,0.24549074470996857
1.7531065759637188,529.33813,0.24985206127166748
1.7560090702947846,529.33813,0.25907641649246216
1.7589115646258504,529.33813,0.25668373703956604
1.761814058956916,529.33813,0.2592877447605133
1.7647165532879818,532.40454,0.25902852416038513
1.7676190476190476,529.33813,0.261753112077713
1.7705215419501135,529.33813,0.254594624042511
1.773424036281179,529.33813,0.2603759169578552
1.7763265306122449,529.33813,0.25630852580070496
1.7792290249433107,529.33813,0.2572673261165619
1.7821315192743765,529.33813,0.25100356340408325
1.7850340136054421,532.40454,0.2498188614845276
1.787936507936508,532.40454,0.24698157608509064
1.7908390022675738,529.33813,0.25059354305267334
1.7937414965986394,529.33813,0.24848778545856476
1.7966439909297052,529.33813,0.24446389079093933
1.799546485260771,529.33813,0.24267996847629547
1.8024489795918368,529.33813,0.23750461637973785
1.8053514739229024,529.33813,0.24055632948875427
1.8082539682539682,529.33813,0.23740391433238983
1.811156462585034,529.33813,0.23948730528354645
1.8140589569160999,529.33813,0.2263069450855255
1.8169614512471655,532.40454,0.2167533040046692
1.8198639455782313,0.0,0.201870858669281
1.822766439909297,0.0,0.19942879676818848
1.825668934240363,0.0,0.19662798941135406
1.8285714285714285,0.0,0.18841657042503357
1.8314739229024943,0.0,0.18679016828536987
1.8343764172335602,0.0,0.18832629919052124
1.8372789115646257,0.0,0.2022741287946701
1.8401814058956916,0.0,0.21954740583896637
1.8430839002267574,0.0,0.22495782375335693
1.8459863945578232,0.0,0.23275382816791534
1.8488888888888888,0.0,0.2373484969139099
1.8517913832199546,0.0,0.24261926114559174
1.8546938775510204,0.0,0.24703267216682434
1.8575963718820863,0.0,0.2530541718006134
1.8604988662131519,0.0,0.2531420886516571
1.8634013605442177,0.0,0.2416176050901413
1.8663038548752835,0.0,0.24165628850460052
1.8692063492063493,0.0,0.24716727435588837
1.872108843537415,629.4933,0.255387544631958
1.8750113378684807,629.4933,0.26487502455711365
1.8779138321995466,629.4933,0.2687724530696869
1.8808163265306121,629.4933,0.26707616448402405
1.883718820861678,625.8676,0.26679176092147827
1.8866213151927438,625.8676,0.27206456661224365
1.8895238095238096,625.8676,0.28202560544013977
1.8924263038548752,625.8676,0.2844593822956085
1.895328798185941,625.8676,0.278136283159256
1.8982312925170068,629.4933,0.27303507924079895
1.9011337868480727,629.4933,0.26796042919158936
1.9040362811791383,629.4933,0.270037442445755
1.906938775510204,629.4933,0.2722932994365692
1.90984126984127,629.4933,0.27315449714660645
1.9127437641723355,629.4933,0.27330976724624634
1.9156462585034013,629.4933,0.2668185234069824
1.9185487528344671,629.4933,0.2711361050605774
1.921451247165533,629.4933,0.27845528721809387
1.9243537414965985,629.4933,0.2831162214279175
1.9272562358276644,629.4933,0.28191202878952026
1.9301587301587302,629.4933,0.2786950469017029
1.933061224489796,629.4933,0.28136157989501953
1.9359637188208616,629.4933,0.2793286442756653
1.9388662131519274,629.4933,0.28598538041114807
1.9417687074829932,629.4933,0.28874528408050537
1.944671201814059,629.4933,0.2772778272628784
1.9475736961451247,629.4933,0.27451997995376587
1.9504761904761905,629.4933,0.2698124349117279
1.9533786848072563,629.4933,0.2709767520427704
1.956281179138322,625.8676,0.2696877419948578
1.9591836734693877,629.4933,0.26783907413482666
1.9620861678004535,629.4933,0.2596409320831299
1.9649886621315193,629.4933,0.2531290352344513
1.967891156462585,629.4933,0.25892436504364014
1.9707936507936508,629.4933,0.2620205879211426
1.9736961451247166,629.4933,0.26692429184913635
1.9765986394557824,629.4933,0.2671898901462555
1.979501133786848,625.8676,0.26690468192100525
1.9824036281179138,625.8676,0.26636555790901184
1.9853061224489796,629.4933,0.2726784944534302
1.9882086167800455,629.4933,0.2739260792732239
1.991111111111111,629.4933,0.27887821197509766
1.9940136054421769,629.4933,0.2750815153121948
1.9969160997732427,629.4933,0.2722861170768738
1.9998185941043083,629.4933,0.2746703624725342
2.0027210884353743,625.8676,0.27432045340538025
2.00562358276644,625.8676,0.2735580801963806
2.0085260770975055,625.8676,0.2704933285713196
2.0114285714285716,625.8676,0.267708420753479
2.014331065759637,625.8676,0.26042237877845764
2.0172335600907028,625.8676,0.26407918334007263
2.020136054421769,625.8676,0.2694207429885864
2.0230385487528344,625.8676,0.27140524983406067
2.0259410430839004,625.8676,0.2748240530490875
2.028843537414966,625.8676,0.27685824036598206
2.0317460317460316,625.8676,0.27649548649787903
2.0346485260770977,625.8676,0.28284963965415955
2.0375510204081633,625.8676,0.28928473591804504
2.040453514739229,625.8676,0.29248595237731934
2.043356009070295,625.8676,0.29185786843299866
2.0462585034013605,625.8676,0.2913742661476135
2.049160997732426,625.8676,0.2913178503513336
2.052063492063492,625.8676,0.29487019777297974
2.0549659863945577,625.8676,0.2979222536087036
2.057868480725624,625.8676,0.30229631066322327
2.0607709750566894,625.8676,0.2958129048347473
2.063673469387755,625.8676,0.2883572578430176
2.066575963718821,625.8676,0.28087475895881653
2.0694784580498866,625.8676,0.27680185437202454
2.072380952380952,625.8676,0.26996704936027527
2.0752834467120183,622.2629,0.2550036609172821
2.078185941043084,625.8676,0.24601562321186066
2.0810884353741494,625.8676,0.22840861976146698
2.0839909297052155,625.8676,0.2210603505373001
2.086893424036281,625.8676,0.22313980758190155
2.089795918367347,625.8676,0.21964921057224274
2.0926984126984127,625.8676,0.22441507875919342
2.0956009070294783,625.8676,0.22088994085788727
2.0985034013605444,622.2629,0.22374208271503448
2.10140589569161,622.2629,0.22637644410133362
2.1043083900226756,629.4933,0.22430339455604553
2.1072108843537416,633.1399,0.2268759310245514
2.110113378684807,0.0,0.22231784462928772
2.1130158730158732,0.0,0.2201467901468277
2.115918367346939,557.5843,0.21529093384742737
2.1188208616780044,557.5843,0.2206355184316635
2.1217233560090705,557.5843,0.22793985903263092
2.124625850340136,564.0631,0.23228617012500763
2.1275283446712017,560.81433,0.23607811331748962
2.1304308390022677,560.81433,0.23964937031269073
2.1333333333333333,557.5843,0.24467884004116058
2.136235827664399,557.5843,0.25622639060020447
2.139138321995465,557.5843,0.2581768035888672
2.1420408163265305,557.5843,0.25757911801338196
2.1449433106575966,554.3728,0.25685322284698486
2.147845804988662,557.5843,0.2500974237918854
2.1507482993197278,557.5843,0.2515072226524353
2.153650793650794,557.5843,0.24961145222187042
2.1565532879818594,560.81433,0.24694468080997467
2.159455782312925,560.81433,0.24301677942276
2.162358276643991,557.5843,0.2415626496076584
2.1652607709750566,557.5843,0.2487954944372177
2.1681632653061222,560.81433,0.24771462380886078
2.1710657596371883,560.81433,0.24890413880348206
2.173968253968254,557.5843,0.25111985206604004
2.17687074829932,557.5843,0.2461216151714325
2.1797732426303855,557.5843,0.24791476130485535
2.182675736961451,557.5843,0.24495913088321686
2.185578231292517,557.5843,0.2387254238128662
2.1884807256235828,557.5843,0.23969420790672302
2.1913832199546484,557.5843,0.23606395721435547
2.1942857142857144,560.81433,0.23751556873321533
2.19718820861678,560.81433,0.23187240958213806
2.2000907029478456,560.81433,0.2335449606180191
2.2029931972789116,560.81433,0.2288561314344406
2.2058956916099772,560.81433,0.2257378101348877
2.2087981859410433,557.5843,0.2311939299106598
2.211700680272109,557.5843,0.21894602477550507
2.2146031746031745,557.5843,0.22579871118068695
2.2175056689342405,557.5843,0.22420541942119598
2.220408163265306,557.5843,0.2243240922689438
2.2233106575963717,557.5843,0.22778190672397614
2.2262131519274377,560.81433,0.22748421132564545
2.2291156462585033,560.81433,0.2309715300798416
2.2320181405895694,560.81433,0.2312707006931305
2.234920634920635,560.81433,0.23379194736480713
2.2378231292517006,560.81433,0.23185575008392334
2.2407256235827666,560.81433,0.2399383783340454
2.243628117913832,557.5843,0.25408703088760376
2.246530612244898,554.3728,0.25807854533195496
2.249433106575964,551.1799,0.25092950463294983
2.2523356009070294,544.849,0.25503793358802795
2.255238095238095,538.5908,0.25555822253227234
2.258140589569161,544.849,0.25839656591415405
2.2610430839002267,538.5908,0.26064568758010864
2.2639455782312927,529.33813,0.2598637342453003
2.2668480725623583,529.33813,0.2512208819389343
2.269750566893424,529.33813,0.24718590080738068
2.27265306122449,532.40454,0.2503948211669922
2.2755555555555556,532.40454,0.24255621433258057
2.278458049886621,532.40454,0.24635356664657593
2.281360544217687,532.40454,0.24220870435237885
2.284263038548753,529.33813,0.23511263728141785
2.2871655328798184,529.33813,0.22424101829528809
2.2900680272108844,529.33813,0.22569097578525543
2.29297052154195,532.40454,0.22225649654865265
2.295873015873016,529.33813,0.22628743946552277
2.2987755102040817,529.33813,0.2307346761226654
2.3016780045351473,529.33813,0.2271748185157776
2.3045804988662133,529.33813,0.2253241091966629
2.307482993197279,532.40454,0.22849951684474945
2.3103854875283445,535.4888,0.22778430581092834
2.3132879818594105,532.40454,0.22362466156482697
2.316190476190476,532.40454,0.22654345631599426
2.3190929705215417,529.33813,0.22363869845867157
2.3219954648526078,529.33813,0.22440961003303528
2.3248979591836734,529.33813,0.21903745830059052
2.3278004535147394,529.33813,0.22855710983276367
2.330702947845805,529.33813,0.22390924394130707
2.3336054421768706,526.28937,0.23368188738822937
2.3365079365079366,529.33813,0.22980894148349762
2.3394104308390022,529.33813,0.23360203206539154
2.342312925170068,529.33813,0.23212489485740662
2.345215419501134,532.40454,0.23295611143112183
2.3481179138321995,532.40454,0.23006120324134827
2.3510204081632655,529.33813,0.22663934528827667
2.353922902494331,529.33813,0.22873321175575256
2.3568253968253967,529.33813,0.22069823741912842
2.3597278911564628,529.33813,0.22220690548419952
2.3626303854875284,532.40454,0.2156420648097992
2.365532879818594,532.40454,0.2209409475326538
2.36843537414966,529.33813,0.21597881615161896
2.3713378684807256,526.28937,0.2219064086675644
2.374240362811791,529.33813,0.2153417468070984
2.3771428571428572,532.40454,0.21892863512039185
2.380045351473923,532.40454,0.21602532267570496
2.382947845804989,529.33813,0.22223815321922302
2.3858503401360545,529.33813,0.22275641560554504
2.38875283446712,529.33813,0.21917760372161865
2.391655328798186,529.33813,0.21842002868652344
2.3945578231292517,532.40454,0.2154284566640854
2.3974603174603173,532.40454,0.21730172634124756
2.4003628117913833,532.40454,0.21773239970207214
2.403265306122449,529.33813,0.22093255817890167
2.4061678004535145,529.33813,0.21391217410564423
2.4090702947845806,529.33813,0.21682880818843842
2.411972789115646,532.40454,0.21565337479114532
2.414875283446712,532.40454,0.22086867690086365
2.417777777777778,532.40454,0.21823368966579437
2.4206802721088434,529.33813,0.2218042016029358
2.4235827664399094,529.33813,0.2126665711402893
2.426485260770975,529.33813,0.20722275972366333
2.4293877551020406,532.40454,0.20262117683887482
2.4322902494331067,535.4888,0.19385839998722076
2.4351927437641723,532.40454,0.18970933556556702
2.4380952380952383,526.28937,0.18007832765579224
2.440997732426304,529.33813,0.17828474938869476
2.4439002267573695,529.33813,0.18200646340847015
2.4468027210884356,529.33813,0.18990390002727509
2.449705215419501,532.40454,0.20689105987548828
2.4526077097505667,529.33813,0.2165353000164032
2.455510204081633,532.40454,0.2133450210094452
2.4584126984126984,532.40454,0.21800751984119415
2.461315192743764,532.40454,0.22267785668373108
2.46421768707483,535.4888,0.22364337742328644
2.4671201814058956,532.40454,0.21667756140232086
2.4700226757369617,535.4888,0.2226182371377945
2.4729251700680273,535.4888,0.2211073935031891
2.475827664399093,535.4888,0.23469001054763794
2.478730158730159,535.4888,0.23713237047195435
2.4816326530612245,541.7109,0.2390451431274414
2.48453514739229,548.0053,0.24378757178783417
2.487437641723356,560.81433,0.2515372335910797
2.4903401360544217,564.0631,0.26806148886680603
2.4932426303854873,560.81433,0.2677921652793884
2.4961451247165534,560.81433,0.2640690803527832
2.499047619047619,557.5843,0.25333675742149353
2.501950113378685,557.5843,0.26216715574264526
2.5048526077097506,560.81433,0.2632947564125061
2.507755102040816,564.0631,0.260911762714386
2.5106575963718822,564.0631,0.2558518648147583
2.513560090702948,560.81433,0.23939917981624603
2.5164625850340134,557.5843,0.23099303245544434
2.5193650793650795,554.3728,0.2241780012845993
2.522267573696145,551.1799,0.22125771641731262
2.5251700680272107,554.3728,0.21483086049556732
2.5280725623582767,557.5843,0.21182747185230255
2.5309750566893423,554.3728,0.2099708914756775
2.5338775510204083,557.5843,0.20331770181655884
2.536780045351474,557.5843,0.19947819411754608
2.5396825396825395,560.81433,0.19692857563495636
2.5425850340136056,564.0631,0.19207358360290527
2.545487528344671,560.81433,0.18582318723201752
2.5483900226757368,557.5843,0.1814194917678833
2.551292517006803,557.5843,0.17667973041534424
2.5541950113378684,557.5843,0.167835533618927
2.5570975056689345,557.5843,0.1678529679775238
2.56,557.5843,0.16872896254062653
2.5629024943310657,554.3728,0.17218726873397827
2.5658049886621317,554.3728,0.1786581575870514
2.5687074829931973,557.5843,0.17328807711601257
2.571609977324263,557.5843,0.1754656285047531
2.574512471655329,557.5843,0.17137175798416138
2.5774149659863945,560.81433,0.17352931201457977
2.58031746031746,564.0631,0.17666460573673248
2.583219954648526,564.0631,0.16933143138885498
2.5861224489795918,560.81433,0.16541023552417755
2.589024943310658,557.5843,0.15836754441261292
2.5919274376417234,557.5843,0.16161926090717316
2.594829931972789,554.3728,0.15710574388504028
2.597732426303855,554.3728,0.16257508099079132
2.6006349206349206,554.3728,0.17002655565738678
2.6035374149659862,554.3728,0.1641562581062317
2.6064399092970523,557.5843,0.17510171234607697
2.609342403628118,557.5843,0.17970828711986542
2.6122448979591835,560.81433,0.18138249218463898
2.6151473922902495,560.81433,0.1879178136587143
2.618049886621315,560.81433,0.18583492934703827
2.620952380952381,560.81433,0.1906282901763916
2.6238548752834467,560.81433,0.18539658188819885
2.6267573696145123,557.5843,0.190418541431427
2.6296598639455784,557.5843,0.18658500909805298
2.632562358276644,554.3728,0.18813084065914154
2.6354648526077096,554.3728,0.1945384293794632
2.6383673469387756,557.5843,0.19093383848667145
2.641269841269841,557.5843,0.20278508961200714
2.644172335600907,557.5843,0.20508848130702972
2.647074829931973,560.81433,0.20917746424674988
2.6499773242630384,560.81433,0.21851041913032532
2.6528798185941045,560.81433,0.22241686284542084
2.65578231292517,560.81433,0.22665493190288544
2.6586848072562357,557.5843,0.2286580502986908
2.6615873015873017,557.5843,0.23361283540725708
2.6644897959183673,554.3728,0.2370273619890213
2.667392290249433,554.3728,0.23794318735599518
2.670294784580499,554.3728,0.24157166481018066
2.6731972789115646,554.3728,0.23878039419651031
2.6760997732426306,554.3728,0.24138154089450836
2.679002267573696,557.5843,0.23697391152381897
2.681904761904762,560.81433,0.23632624745368958
2.684807256235828,560.81433,0.23219864070415497
2.6877097505668934,560.81433,0.2280474454164505
2.690612244897959,560.81433,0.22976095974445343
2.693514739229025,557.5843,0.2255159318447113
2.6964172335600907,557.5843,0.2245549112558365
2.6993197278911563,557.5843,0.2190544456243515
2.7022222222222223,557.5843,0.2239544540643692
2.705124716553288,557.5843,0.22498482465744019
2.708027210884354,557.5843,0.2274196892976761
2.7109297052154195,560.81433,0.22435182332992554
2.713832199546485,560.81433,0.21553589403629303
2.716734693877551,560.81433,0.21635088324546814
2.7196371882086168,560.81433,0.2121591567993164
2.7225396825396824,560.81433,0.21079544723033905
2.7254421768707484,560.81433,0.2057437151670456
2.728344671201814,560.81433,0.20091180503368378
2.7312471655328796,557.5843,0.19783852994441986
2.7341496598639456,554.3728,0.20196136832237244
2.7370521541950112,554.3728,0.20663104951381683
2.7399546485260773,554.3728,0.2129746675491333
2.742857142857143,554.3728,0.2267797738313675
2.7457596371882085,554.3728,0.23687760531902313
2.7486621315192745,554.3728,0.23963600397109985
2.75156462585034,551.1799,0.2460511177778244
2.7544671201814057,544.849,0.2549028992652893
2.7573696145124718,544.849,0.26140281558036804
2.7602721088435374,541.7109,0.25943055748939514
2.7631746031746034,532.40454,0.24721838533878326
2.766077097505669,535.4888,0.23220162093639374
2.7689795918367346,541.7109,0.22132351994514465
2.7718820861678006,541.7109,0.21803131699562073
2.7747845804988662,538.5908,0.20720505714416504
2.777687074829932,538.5908,0.1947852373123169
2.780589569160998,538.5908,0.1931610405445099
2.7834920634920635,541.7109,0.19762656092643738
2.786394557823129,544.849,0.206681028008461
2.789297052154195,544.849,0.20520366728305817
2.7921995464852607,538.5908,0.20065875351428986
2.7951020408163267,535.4888,0.2096458226442337
2.7980045351473923,532.40454,0.2138207107782364
2.800907029478458,535.4888,0.21818073093891144
2.803809523809524,541.7109,0.2077067643404007
2.8067120181405896,544.849,0.21225695312023163
2.809614512471655,544.849,0.22156782448291779
2.812517006802721,541.7109,0.24789604544639587
2.815419501133787,541.7109,0.27076321840286255
2.8183219954648524,544.849,0.2782008945941925
2.8212244897959184,548.0053,0.286364883184433
2.824126984126984,548.0053,0.29006707668304443
2.82702947845805,551.1799,0.29071274399757385
2.8299319727891157,548.0053,0.28612521290779114
2.8328344671201813,548.0053,0.2803574800491333
2.8357369614512473,544.849,0.26316359639167786
2.838639455782313,541.7109,0.2570371627807617
2.8415419501133785,544.849,0.251992404460907
2.8444444444444446,541.7109,0.2504208981990814
2.84734693877551,548.0053,0.24689841270446777
2.8502494331065757,548.0053,0.24825666844844818
2.853151927437642,551.1799,0.24343496561050415
2.8560544217687074,548.0053,0.24046222865581512
2.8589569160997734,548.0053,0.23786388337612152
2.861859410430839,551.1799,0.22492529451847076
2.8647619047619046,554.3728,0.22476182878017426
2.8676643990929707,560.81433,0.22294357419013977
2.8705668934240363,560.81433,0.22731751203536987
2.873469387755102,560.81433,0.22980694472789764
2.876371882086168,554.3728,0.23444302380084991
2.8792743764172335,551.1799,0.23509308695793152
2.8821768707482995,554.3728,0.2397162765264511
2.885079365079365,554.3728,0.24507738649845123
2.8879818594104307,554.3728,0.23291955888271332
2.8908843537414968,557.5843,0.22295205295085907
2.8937868480725624,557.5843,0.212277352809906
2.896689342403628,554.3728,0.2043209671974182
2.899591836734694,554.3728,0.20457924902439117
2.9024943310657596,554.3728,0.19418174028396606
2.905396825396825,554.3728,0.18511298298835754
2.9082993197278912,554.3728,0.17677216231822968
2.911201814058957,557.5843,0.1735711395740509
2.914104308390023,557.5843,0.17794539034366608
2.9170068027210885,560.81433,0.17630161345005035
2.919909297052154,560.81433,0.18128396570682526
2.92281179138322,557.5843,0.17481420934200287
2.9257142857142857,557.5843,0.176628977060318
2.9286167800453513,557.5843,0.1745356321334839
2.9315192743764173,554.3728,0.16987864673137665
2.934421768707483,554.3728,0.17072127759456635
2.9373242630385485,557.5843,0.16510184109210968
2.9402267573696146,557.5843,0.16823448240756989
2.94312925170068,557.5843,0.16364359855651855
2.9460317460317462,560.81433,0.16852931678295135
2.948934240362812,560.81433,0.17224551737308502
2.9518367346938774,560.81433,0.17175275087356567
2.9547392290249435,560.81433,0.173646941781044
2.957641723356009,560.81433,0.17301732301712036
2.9605442176870747,560.81433,0.1740671694278717
2.9634467120181407,557.5843,0.1672658622264862
2.9663492063492063,557.5843,0.16432149708271027
2.969251700680272,554.3728,0.160694420337677
2.972154195011338,554.3728,0.16060131788253784
2.9750566893424035,554.3728,0.16883006691932678
2.9779591836734696,554.3728,0.16987244784832
2.980861678004535,557.5843,0.17217209935188293
2.9837641723356008,560.81433,0.17645351588726044
2.986666666666667,560.81433,0.18173058331012726
2.9895691609977324,560.81433,0.18742042779922485
2.992471655328798,560.81433,0.18484430015087128
2.995374149659864,560.81433,0.18664543330669403
2.9982766439909296,557.5843,0.18423713743686676
3.0011791383219957,557.5843,0.18475881218910217
3.0040816326530613,557.5843,0.18553932011127472
3.006984126984127,554.3728,0.18778187036514282
3.009886621315193,554.3728,0.19168291985988617
3.0127891156462585,554.3728,0.1865348219871521
3.015691609977324,557.5843,0.19226808845996857
3.01859410430839,557.5843,0.19281983375549316
3.0214965986394557,560.81433,0.19265979528427124
3.0243990929705213,560.81433,0.19473424553871155
3.0273015873015874,560.81433,0.19161652028560638
3.030204081632653,560.81433,0.18873311579227448
3.033106575963719,560.81433,0.1865742951631546
3.0360090702947846,557.5843,0.1926025003194809
3.03891156462585,557.5843,0.1991645246744156
3.0418140589569163,554.3728,0.2163071483373642
3.044716553287982,551.1799,0.22322778403759003
3.0476190476190474,551.1799,0.23666596412658691
3.0505215419501135,548.0053,0.2401193529367447
3.053424036281179,541.7109,0.250216543674469
3.0563265306122447,538.5908,0.2683897614479065
3.0592290249433107,526.28937,0.27608877420425415
3.0621315192743763,526.28937,0.26758086681365967
3.0650340136054424,532.40454,0.25542208552360535
3.067936507936508,538.5908,0.2505841553211212
3.0708390022675736,544.849,0.23684777319431305
3.0737414965986396,538.5908,0.24227097630500793
3.076643990929705,532.40454,0.23281733691692352
3.079546485260771,529.33813,0.21793995797634125
3.082448979591837,532.40454,0.20751209557056427
3.0853514739229024,532.40454,0.21323730051517487
3.0882539682539685,532.40454,0.21630805730819702
3.091156462585034,529.33813,0.22793199121952057
3.0940589569160997,526.28937,0.23147185146808624
3.0969614512471657,526.28937,0.2289055734872818
3.0998639455782313,532.40454,0.22835567593574524
3.102766439909297,535.4888,0.22499622404575348
3.105668934240363,538.5908,0.2215753197669983
3.1085714285714285,535.4888,0.2195880264043808
3.111473922902494,532.40454,0.22059622406959534
3.11437641723356,529.33813,0.20896147191524506
3.1172789115646258,529.33813,0.2079504430294037
3.120181405895692,529.33813,0.20162536203861237
3.1230839002267574,532.40454,0.20262525975704193
3.125986394557823,529.33813,0.20073509216308594
3.128888888888889,529.33813,0.20875652134418488
3.1317913832199546,529.33813,0.20802189409732819
3.1346938775510202,529.33813,0.20616506040096283
3.1375963718820863,532.40454,0.205283522605896
3.140498866213152,532.40454,0.20710667967796326
3.1434013605442175,532.40454,0.21302248537540436
3.1463038548752835,529.33813,0.214783176779747
3.149206349206349,529.33813,0.21968437731266022
3.152108843537415,529.33813,0.21845319867134094
3.1550113378684808,532.40454,0.22114644944667816
3.1579138321995464,532.40454,0.21909339725971222
3.1608163265306124,532.40454,0.22595372796058655
3.163718820861678,529.33813,0.22582122683525085
3.1666213151927436,529.33813,0.22981512546539307
3.1695238095238096,529.33813,0.23061884939670563
3.1724263038548752,532.40454,0.23063474893569946
3.175328798185941,532.40454,0.23009619116783142
3.178231292517007,532.40454,0.23696725070476532
3.1811337868480725,529.33813,0.23994724452495575
3.1840362811791385,529.33813,0.23988373577594757
3.186938775510204,529.33813,0.2405528873205185
3.1898412698412697,532.40454,0.23647306859493256
3.1927437641723357,532.40454,0.23496538400650024
3.1956462585034013,529.33813,0.23405686020851135
3.198548752834467,529.33813,0.24037209153175354
3.201451247165533,529.33813,0.2348158359527588
3.2043537414965986,529.33813,0.2391568422317505
3.2072562358276646,529.33813,0.2324656844139099
3.21015873015873,532.40454,0.23428590595722198
3.213061224489796,532.40454,0.2360895574092865
3.215963718820862,529.33813,0.24086923897266388
3.2188662131519274,529.33813,0.23804789781570435
3.221768707482993,529.33813,0.23378174006938934
3.224671201814059,529.33813,0.23450961709022522
3.2275736961451247,532.40454,0.22866083681583405
3.2304761904761903,529.33813,0.23363547027111053
3.2333786848072563,529.33813,0.2289990782737732
3.236281179138322,529.33813,0.23054027557373047
3.239183673469388,529.33813,0.22305630147457123
3.2420861678004536,529.33813,0.22378431260585785
3.244988662131519,529.33813,0.21815593540668488
3.247891156462585,529.33813,0.21908633410930634
3.250793650793651,529.33813,0.21879027783870697
3.2536961451247164,529.33813,0.21876871585845947
3.2565986394557824,529.33813,0.21736499667167664
3.259501133786848,529.33813,0.21365603804588318
3.2624036281179136,532.40454,0.21657946705818176
3.2653061224489797,529.33813,0.21691110730171204
3.2682086167800453,529.33813,0.2198987603187561
3.2711111111111113,529.33813,0.21660174429416656
3.274013605442177,529.33813,0.22019901871681213
3.2769160997732425,529.33813,0.21840731799602509
3.2798185941043085,529.33813,0.21845997869968414
3.282721088435374,529.33813,0.21906352043151855
3.2856235827664397,526.28937,0.21877042949199677
3.2885260770975058,0.0,0.21693246066570282
3.2914285714285714,0.0,0.21206149458885193
3.294331065759637,0.0,0.21123439073562622
3.297233560090703,0.0,0.21038179099559784
3.3001360544217686,0.0,0.2074141800403595
3.3030385487528346,0.0,0.20523011684417725
3.3059410430839002,0.0,0.20673462748527527
3.308843537414966,0.0,0.20233593881130219
3.311746031746032,0.0,0.21125265955924988
3.3146485260770975,0.0,0.2191106379032135
3.317551020408163,0.0,0.21895702183246613
3.320453514739229,706.5828,0.21224401891231537
3.3233560090702947,706.5828,0.2128540724515915
3.3262585034013608,710.676,0.20924201607704163
3.3291609977324264,714.79297,0.20039436221122742
3.332063492063492,710.676,0.19935400784015656
3.334965986394558,710.676,0.18328161537647247
3.3378684807256236,710.676,0.18421867489814758
3.340770975056689,710.676,0.18915536999702454
3.3436734693877552,710.676,0.1945510357618332
3.346575963718821,710.676,0.20201435685157776
3.3494784580498864,710.676,0.21413813531398773
3.3523809523809525,710.676,0.22072508931159973
3.355283446712018,710.676,0.2356375753879547
3.358185941043084,710.676,0.24313504993915558
3.3610884353741497,710.676,0.24493759870529175
3.3639909297052153,710.676,0.25156012177467346
3.3668934240362813,710.676,0.25947773456573486
3.369795918367347,710.676,0.2557865381240845
3.3726984126984125,710.676,0.2603340148925781
3.3756009070294786,710.676,0.26324713230133057
3.378503401360544,710.676,0.2574410140514374
3.3814058956916098,710.676,0.25635382533073425
3.384308390022676,710.676,0.25813350081443787
3.3872108843537414,710.676,0.248569056391716
3.3901133786848074,710.676,0.24583052098751068
3.393015873015873,710.676,0.24935266375541687
3.3959183673469386,710.676,0.24767494201660156
3.3988208616780047,710.676,0.24870246648788452
3.4017233560090703,710.676,0.25286975502967834
3.404625850340136,710.676,0.257118821144104
3.407528344671202,710.676,0.2628794014453888
3.4104308390022675,710.676,0.2696641981601715
3.4133333333333336,710.676,0.26927947998046875
3.416235827664399,710.676,0.27108973264694214
3.4191383219954647,710.676,0.2684948444366455
3.422040816326531,710.676,0.2685040533542633
3.4249433106575964,710.676,0.26305869221687317
3.427845804988662,710.676,0.2621159851551056
3.430748299319728,710.676,0.24529413878917694
3.4336507936507936,710.676,0.24049551784992218
3.436553287981859,714.79297,0.24228115379810333
3.4394557823129253,706.5828,0.23370471596717834
3.442358276643991,706.5828,0.22841501235961914
3.445260770975057,710.676,0.21977438032627106
3.4481632653061225,714.79297,0.212134450674057
3.451065759637188,714.79297,0.19949917495250702
3.453968253968254,710.676,0.20086435973644257
3.4568707482993197,702.5131,0.19395843148231506
3.4597732426303853,706.5828,0.1894511878490448
3.4626757369614514,706.5828,0.19818653166294098
3.465578231292517,678.5828,0.19798815250396729
3.4684807256235826,666.9252,0.21504591405391693
3.4713832199546486,674.67444,0.22979480028152466
3.474285714285714,670.78864,0.23652715981006622
3.4771882086167802,670.78864,0.24251370131969452
3.480090702947846,674.67444,0.24518395960330963
3.4829931972789114,670.78864,0.24009771645069122
3.4858956916099775,670.78864,0.2387816160917282
3.488798185941043,674.67444,0.24306946992874146
3.4917006802721087,674.67444,0.2338382601737976
3.4946031746031747,678.5828,0.24138662219047546
3.4975056689342403,674.67444,0.2507399618625641
3.500408163265306,674.67444,0.2490982711315155
3.503310657596372,674.67444,0.2490995079278946
3.5062131519274375,674.67444,0.2613058388233185
3.5091156462585036,674.67444,0.2621479332447052
3.512018140589569,554.3728,0.2620435357093811
3.514920634920635,554.3728,0.259623646736145
3.517823129251701,557.5843,0.23985880613327026
3.5207256235827664,557.5843,0.2316143959760666
3.523628117913832,557.5843,0.22527261078357697
3.526530612244898,564.0631,0.22177506983280182
3.5294331065759637,564.0631,0.20675286650657654
3.5323356009070297,564.0631,0.19596827030181885
3.5352380952380953,564.0631,0.19293004274368286
3.538140589569161,564.0631,0.19660256803035736
3.541043083900227,564.0631,0.1997469663619995
3.5439455782312925,564.0631,0.19590216875076294
3.546848072562358,560.81433,0.19743333756923676
3.549750566893424,560.81433,0.19676202535629272
3.5526530612244898,557.5843,0.18884120881557465
3.5555555555555554,557.5843,0.19385914504528046
3.5584580498866214,554.3728,0.18606539070606232
3.561360544217687,554.3728,0.17750968039035797
3.564263038548753,557.5843,0.1793230175971985
3.5671655328798186,560.81433,0.17600223422050476
3.5700680272108842,564.0631,0.1796441227197647
3.5729705215419503,564.0631,0.18132053315639496
3.575873015873016,560.81433,0.1853748857975006
3.5787755102040815,564.0631,0.1819075345993042
3.5816780045351475,564.0631,0.18159182369709015
3.584580498866213,560.81433,0.18417994678020477
3.5874829931972787,560.81433,0.17749710381031036
3.5903854875283447,557.5843,0.18207740783691406
3.5932879818594103,557.5843,0.1758677214384079
3.5961904761904764,557.5843,0.17765921354293823
3.599092970521542,557.5843,0.18887536227703094
3.6019954648526076,557.5843,0.1868761032819748
3.6048979591836736,560.81433,0.19578595459461212
3.607800453514739,560.81433,0.20025798678398132
3.610702947845805,560.81433,0.20517368614673615
3.613605442176871,564.0631,0.206438347697258
3.6165079365079364,564.0631,0.20599040389060974
3.619410430839002,560.81433,0.20754888653755188
3.622312925170068,557.5843,0.1964646726846695
3.6252154195011337,557.5843,0.19766835868358612
3.6281179138321997,554.3728,0.19236303865909576
3.6310204081632653,554.3728,0.1898646354675293
3.633922902494331,557.5843,0.19200173020362854
3.636825396825397,557.5843,0.19093148410320282
3.6397278911564626,560.81433,0.19871804118156433
3.642630385487528,560.81433,0.19908134639263153
3.645532879818594,560.81433,0.20603527128696442
3.64843537414966,560.81433,0.20374169945716858
3.651337868480726,560.81433,0.20199373364448547
3.6542403628117914,560.81433,0.20558004081249237
3.657142857142857,560.81433,0.21501818299293518
3.660045351473923,557.5843,0.227439746260643
3.6629478458049887,554.3728,0.2327701896429062
3.6658503401360543,541.7109,0.2381763756275177
3.6687528344671203,538.5908,0.2399529367685318
3.671655328798186,535.4888,0.25308141112327576
3.6745578231292515,535.4888,0.2761739194393158
3.6774603174603175,529.33813,0.2819080948829651
3.680362811791383,541.7109,0.2733265161514282
3.683265306122449,538.5908,0.2684074342250824
3.6861678004535148,538.5908,0.25931164622306824
3.6890702947845804,544.849,0.2521204948425293
3.6919727891156464,548.0053,0.2529180347919464
3.694875283446712,535.4888,0.25007814168930054
3.6977777777777776,532.40454,0.23167651891708374
3.7006802721088436,532.40454,0.22393904626369476
3.7035827664399092,535.4888,0.22343187034130096
3.706485260770975,535.4888,0.22168950736522675
3.709387755102041,532.40454,0.23147150874137878
3.7122902494331065,529.33813,0.24393747746944427
3.7151927437641725,526.28937,0.25030383467674255
3.718095238095238,529.33813,0.24366624653339386
3.7209977324263037,532.40454,0.23769961297512054
3.7239002267573698,535.4888,0.23051990568637848
3.7268027210884354,535.4888,0.22916534543037415
3.729705215419501,535.4888,0.22688418626785278
3.732607709750567,529.33813,0.22306865453720093
3.7355102040816326,529.33813,0.21239405870437622
3.7384126984126986,529.33813,0.1998542994260788
3.7413151927437642,529.33813,0.19955842196941376
3.74421768707483,532.40454,0.20070284605026245
3.747120181405896,532.40454,0.2151070386171341
3.7500226757369615,529.33813,0.22046223282814026
3.752925170068027,526.28937,0.22221367061138153
3.755827664399093,529.33813,0.2195516973733902
3.7587301587301587,529.33813,0.22589395940303802
3.7616326530612243,532.40454,0.22579914331436157
3.7645351473922903,532.40454,0.23069053888320923
3.767437641723356,532.40454,0.2352708876132965
3.770340136054422,529.33813,0.23573412001132965
3.7732426303854876,529.33813,0.2334974855184555
3.776145124716553,532.40454,0.23120956122875214
3.779047619047619,532.40454,0.2316502034664154
3.781950113378685,532.40454,0.22883932292461395
3.7848526077097504,532.40454,0.23572947084903717
3.7877551020408164,529.33813,0.22956660389900208
3.790657596371882,529.33813,0.22913353145122528
3.7935600907029476,529.33813,0.2167569398880005
3.7964625850340137,529.33813,0.21808478236198425
3.7993650793650793,532.40454,0.21417267620563507
3.8022675736961453,529.33813,0.2190268486738205
3.805170068027211,529.33813,0.21183475852012634
3.8080725623582765,529.33813,0.2058502435684204
3.8109750566893426,529.33813,0.2087898701429367
3.813877551020408,532.40454,0.20585943758487701
3.8167800453514737,529.33813,0.2105645090341568
3.81968253968254,529.33813,0.2107803225517273
3.8225850340136054,529.33813,0.21450886130332947
3.825487528344671,529.33813,0.20808982849121094
3.828390022675737,529.33813,0.2112898975610733
3.8312925170068026,529.33813,0.20760716497898102
3.8341950113378687,532.40454,0.20815572142601013
3.8370975056689343,532.40454,0.20723436772823334
3.84,529.33813,0.20648305118083954
3.842902494331066,529.33813,0.20260222256183624
3.8458049886621315,529.33813,0.20084074139595032
3.848707482993197,532.40454,0.19977524876594543
3.851609977324263,532.40454,0.20759989321231842
3.8545124716553287,532.40454,0.20844382047653198
3.8574149659863948,523.2581,0.21332481503486633
3.8603174603174604,523.2581,0.22126233577728271
3.863219954648526,523.2581,0.221836119890213
3.866122448979592,529.33813,0.22772663831710815
3.8690249433106576,529.33813,0.23221242427825928
3.871927437641723,529.33813,0.2440037876367569
3.8748299319727892,529.33813,0.23848235607147217
3.877732426303855,532.40454,0.24623467028141022
3.8806349206349204,532.40454,0.24216905236244202
3.8835374149659865,532.40454,0.24363625049591064
3.886439909297052,529.33813,0.24925146996974945
3.889342403628118,468.87015,0.25635644793510437
3.8922448979591837,466.16965,0.2621430456638336
3.8951473922902493,468.87015,0.2608094811439514
3.8980498866213154,471.58633,0.25632211565971375
3.900952380952381,474.3182,0.257290780544281
3.9038548752834465,474.3182,0.25894463062286377
3.9067573696145126,474.3182,0.2510705292224884
3.909659863945578,474.3182,0.2501370310783386
3.912562358276644,471.58633,0.2510043978691101
3.91546485260771,474.3182,0.24506980180740356
3.9183673469387754,474.3182,0.25605183839797974
3.9212698412698415,474.3182,0.2782413959503174
3.924172335600907,474.3182,0.28217703104019165
3.9270748299319727,474.3182,0.29775142669677734
3.9299773242630387,474.3182,0.31439709663391113
3.9328798185941043,474.3182,0.3213190734386444
3.93578231292517,474.3182,0.3293784558773041
3.938684807256236,474.3182,0.33574023842811584
3.9415873015873015,474.3182,0.3300769627094269
3.944489795918367,474.3182,0.33104342222213745
3.947392290249433,474.3182,0.3294147551059723
3.9502947845804988,474.3182,0.32375919818878174
3.953197278911565,474.3182,0.3212081491947174
3.9560997732426304,474.3182,0.32569071650505066
3.959002267573696,474.3182,0.32318753004074097
3.961904761904762,474.3182,0.32931968569755554
3.9648072562358276,474.3182,0.3352668285369873
3.9677097505668932,474.3182,0.33481788635253906
3.9706122448979593,474.3182,0.33882665634155273
3.973514739229025,474.3182,0.34622493386268616
3.976417233560091,474.3182,0.34539926052093506
3.9793197278911565,474.3182,0.3429551124572754
3.982222222222222,474.3182,0.3420446515083313
3.985124716553288,474.3182,0.3408134877681732
3.9880272108843537,474.3182,0.33957523107528687
3.9909297052154193,474.3182,0.34151893854141235
3.9938321995464854,474.3182,0.33938515186309814
3.996734693877551,474.3182,0.3377643823623657
3.9996371882086166,474.3182,0.33528468012809753
4.002539682539682,474.3182,0.33746054768562317
4.005442176870749,474.3182,0.3345044255256653
4.008344671201814,474.3182,0.3290317952632904
4.01124716553288,474.3182,0.3338790833950043
4.0141496598639455,474.3182,0.3308756947517395
4.017052154195011,474.3182,0.33470624685287476
4.0199546485260775,474.3182,0.3386649787425995
4.022857142857143,474.3182,0.3426319360733032
4.025759637188209,474.3182,0.345516175031662
4.028662131519274,474.3182,0.3526633679866791
4.03156462585034,474.3182,0.35612785816192627
4.0344671201814055,474.3182,0.35441651940345764
4.037369614512472,474.3182,0.34518855810165405
4.040272108843538,477.0659,0.33301085233688354
4.043174603174603,477.0659,0.32387295365333557
4.046077097505669,474.3182,0.31250426173210144
4.048979591836734,474.3182,0.3009588122367859
4.051882086167801,474.3182,0.2797626852989197
4.0547845804988665,479.82956,0.2644279897212982
4.057687074829932,479.82956,0.24326226115226746
4.060589569160998,0.0,0.2404734194278717
4.063492063492063,0.0,0.24984164535999298
4.066394557823129,0.0,0.2461708039045334
4.069297052154195,0.0,0.25214454531669617
4.072199546485261,0.0,0.24984726309776306
4.0751020408163265,0.0,0.26076367497444153
4.078004535147392,0.0,0.2773130536079407
4.080907029478458,0.0,0.2958611249923706
4.083809523809524,0.0,0.30908337235450745
4.08671201814059,0.0,0.30784955620765686
4.089614512471655,0.0,0.30952146649360657
4.092517006802721,0.0,0.30241960287094116
4.095419501133787,0.0,0.29321861267089844
4.098321995464852,0.0,0.28298723697662354
4.101224489795919,0.0,0.2731562554836273
4.104126984126984,0.0,0.25229889154434204
4.10702947845805,529.33813,0.23343509435653687
4.1099319727891155,526.28937,0.22368183732032776
4.112834467120181,529.33813,0.21758325397968292
4.115736961451248,532.40454,0.21960176527500153
4.118639455782313,532.40454,0.22772186994552612
4.121541950113379,532.40454,0.23137617111206055
4.124444444444444,529.33813,0.22846804559230804
4.12734693877551,529.33813,0.23533767461776733
4.1302494331065756,529.33813,0.2463197559118271
4.133151927437642,532.40454,0.25359606742858887
4.136054421768708,532.40454,0.25148001313209534
4.138956916099773,532.40454,0.24968652427196503
4.141859410430839,529.33813,0.24995099008083344
4.144761904761904,529.33813,0.2489047348499298
4.147664399092971,529.33813,0.24528896808624268
4.1505668934240365,532.40454,0.23996490240097046
4.153469387755102,532.40454,0.23231756687164307
4.156371882086168,532.40454,0.22504779696464539
4.159274376417233,529.33813,0.21776826679706573
4.162176870748299,529.33813,0.22458118200302124
4.165079365079365,529.33813,0.22280585765838623
4.167981859410431,532.40454,0.22191065549850464
4.170884353741497,532.40454,0.22255335748195648
4.173786848072562,529.33813,0.22448837757110596
4.176689342403628,529.33813,0.2231043130159378
4.179591836734694,529.33813,0.2308712750673294
4.18249433106576,529.33813,0.23602987825870514
4.1853968253968254,532.40454,0.2332196682691574
4.188299319727891,532.40454,0.2323491871356964
4.191201814058957,532.40454,0.23815369606018066
4.194104308390022,529.33813,0.24191726744174957
4.197006802721089,529.33813,0.24594075977802277
4.199909297052154,529.33813,0.2467041164636612
4.20281179138322,532.40454,0.24362942576408386
4.2057142857142855,532.40454,0.23972348868846893
4.208616780045351,532.40454,0.23939959704875946
4.211519274376418,529.33813,0.24173402786254883
4.214421768707483,529.33813,0.23765906691551208
4.217324263038549,529.33813,0.2353973239660263
4.220226757369614,532.40454,0.22849738597869873
4.22312925170068,532.40454,0.22385141253471375
4.2260317460317465,532.40454,0.2176462709903717
4.228934240362812,529.33813,0.2223716378211975
4.231836734693878,529.33813,0.2180914431810379
4.234739229024943,529.33813,0.2207726687192917
4.237641723356009,529.33813,0.21855342388153076
4.2405442176870745,532.40454,0.22412876784801483
4.243446712018141,529.33813,0.23108722269535065
4.2463492063492065,526.28937,0.24565047025680542
4.249251700680272,526.28937,0.2531227469444275
4.252154195011338,523.2581,0.25251689553260803
4.255056689342403,523.2581,0.2611035406589508
4.25795918367347,523.2581,0.25882044434547424
4.260861678004535,523.2581,0.2554973363876343
4.263764172335601,523.2581,0.24623888731002808
4.266666666666667,0.0,0.2429528534412384
4.269569160997732,0.0,0.22508014738559723
4.272471655328798,0.0,0.22558896243572235
4.275374149659864,0.0,0.23585769534111023
4.27827664399093,523.2581,0.2365218549966812
4.2811791383219955,526.28937,0.2399846464395523
4.284081632653061,526.28937,0.25390487909317017
4.286984126984127,526.28937,0.2673023045063019
4.289886621315193,526.28937,0.26872387528419495
4.292789115646259,529.33813,0.2787536084651947
4.295691609977324,529.33813,0.2766917943954468
4.29859410430839,529.33813,0.26926302909851074
4.3014965986394555,532.40454,0.2671300172805786
4.304399092970521,529.33813,0.2650451362133026
4.307301587301588,526.28937,0.25521090626716614
4.310204081632653,526.28937,0.24440057575702667
4.313106575963719,529.33813,0.2416166216135025
4.316009070294784,529.33813,0.23341865837574005
4.31891156462585,529.33813,0.23396852612495422
4.3218140589569165,526.28937,0.23075030744075775
4.324716553287982,526.28937,0.22738292813301086
4.327619047619048,526.28937,0.2235599011182785
4.330521541950113,526.28937,0.22822625935077667
4.333424036281179,529.33813,0.2250409573316574
4.3363265306122445,526.28937,0.22837337851524353
4.339229024943311,529.33813,0.23076871037483215
4.342131519274377,529.33813,0.22978833317756653
4.345034013605442,529.33813,0.22836855053901672
4.347936507936508,529.33813,0.22771497070789337
4.350839002267573,529.33813,0.22599592804908752
4.35374149659864,529.33813,0.22482916712760925
4.3566439909297054,526.28937,0.22982792556285858
4.359546485260771,526.28937,0.22720903158187866
4.362448979591837,526.28937,0.2324526458978653
4.365351473922902,526.28937,0.2304167002439499
4.368253968253968,526.28937,0.23531849682331085
4.371156462585034,526.28937,0.2389259785413742
4.3740589569161,523.2581,0.2457105666399002
4.3769614512471655,526.28937,0.24983595311641693
4.379863945578231,526.28937,0.2563568651676178
4.382766439909297,526.28937,0.2597467601299286
4.385668934240363,526.28937,0.2618836760520935
4.388571428571429,523.2581,0.27269914746284485
4.391473922902494,523.2581,0.2839457392692566
4.39437641723356,523.2581,0.29243722558021545
4.397278911564626,526.28937,0.3029395341873169
4.400181405895691,526.28937,0.31076210737228394
4.403083900226758,529.33813,0.3124444782733917
4.405986394557823,526.28937,0.3158619999885559
4.408888888888889,526.28937,0.315807044506073
4.4117913832199545,526.28937,0.31282907724380493
4.41469387755102,526.28937,0.3052034080028534
4.4175963718820865,529.33813,0.2998121678829193
4.420498866213152,529.33813,0.2857655882835388
4.423401360544218,526.28937,0.2801734507083893
4.426303854875283,526.28937,0.2733292877674103
4.429206349206349,526.28937,0.2690560519695282
4.4321088435374145,529.33813,0.25961941480636597
4.435011337868481,532.40454,0.25197121500968933
4.437913832199547,529.33813,0.24118374288082123
4.440816326530612,526.28937,0.2342042326927185
4.443718820861678,526.28937,0.23161454498767853
4.446621315192743,529.33813,0.22019070386886597
4.44952380952381,529.33813,0.21723589301109314
4.4524263038548755,532.40454,0.22119994461536407
4.455328798185941,529.33813,0.2243141531944275
4.458231292517007,523.2581,0.2247733771800995
4.461133786848072,520.2443,0.22873815894126892
4.464036281179139,523.2581,0.2413051724433899
4.466938775510204,526.28937,0.24445371329784393
4.46984126984127,529.33813,0.25335773825645447
4.4727437641723355,526.28937,0.2588280737400055
4.475646258503401,526.28937,0.27055108547210693
4.478548752834467,529.33813,0.27589306235313416
4.481451247165533,532.40454,0.29521337151527405
4.484353741496599,532.40454,0.30803951621055603
4.487256235827664,526.28937,0.31387248635292053
4.49015873015873,529.33813,0.3144560158252716
4.493061224489796,526.28937,0.30845555663108826
4.495963718820862,532.40454,0.3072546422481537
4.498866213151928,529.33813,0.2936570346355438
4.501768707482993,529.33813,0.2958613336086273
4.504671201814059,526.28937,0.2798156142234802
4.5075736961451245,526.28937,0.2729718089103699
4.51047619047619,529.33813,0.2612367570400238
4.513378684807257,529.33813,0.26181578636169434
4.516281179138322,529.33813,0.2604440450668335
4.519183673469388,529.33813,0.2627415359020233
4.522086167800453,529.33813,0.26233428716659546
4.524988662131519,529.33813,0.2586996555328369
4.527891156462585,532.40454,0.25640156865119934
4.530793650793651,529.33813,0.2564243972301483
4.533696145124717,529.33813,0.25161507725715637
4.536598639455782,526.28937,0.2540801465511322
4.539501133786848,529.33813,0.2619472146034241
4.542403628117913,529.33813,0.2584729790687561
4.54530612244898,529.33813,0.2608122229576111
4.5482086167800455,529.33813,0.25753524899482727
4.551111111111111,529.33813,0.2609465420246124
4.554013605442177,526.28937,0.25171443819999695
4.556916099773242,529.33813,0.24645590782165527
4.559818594104309,529.33813,0.2418302297592163
4.562721088435374,532.40454,0.23911261558532715
4.56562358276644,532.40454,0.23552092909812927
4.568526077097506,529.33813,0.2333255112171173
4.571428571428571,529.33813,0.22810356318950653
4.574331065759637,529.33813,0.22248470783233643
4.577233560090703,532.40454,0.2215832769870758
4.580136054421769,532.40454,0.22292515635490417
4.5830385487528345,532.40454,0.21757341921329498
4.5859410430839,529.33813,0.21306867897510529
4.588843537414966,529.33813,0.20901423692703247
4.591746031746032,529.33813,0.1975577026605606
4.594648526077098,529.33813,0.1983589082956314
4.597551020408163,532.40454,0.19291704893112183
4.600453514739229,529.33813,0.19608472287654877
4.6033560090702945,529.33813,0.19416046142578125
4.60625850340136,529.33813,0.19749166071414948
4.609160997732427,529.33813,0.19200724363327026
4.612063492063492,532.40454,0.1955157220363617
4.614965986394558,532.40454,0.1946672648191452
4.617868480725623,532.40454,0.1993655562400818
4.620770975056689,529.33813,0.19845956563949585
4.6236734693877555,529.33813,0.2021421492099762
4.626575963718821,529.33813,0.20329788327217102
4.629478458049887,532.40454,0.20181475579738617
4.632380952380952,532.40454,0.20726290345191956
4.635283446712018,532.40454,0.20644034445285797
4.6381859410430835,529.33813,0.2149674892425537
4.64108843537415,529.33813,0.20805394649505615
4.6439909297052155,529.33813,0.21337193250656128
4.646893424036281,529.33813,0.20358937978744507
4.649795918367347,529.33813,0.20576351881027222
4.652698412698412,532.40454,0.20403848588466644
4.655600907029479,529.33813,0.20492377877235413
4.658503401360544,529.33813,0.20491422712802887
4.66140589569161,529.33813,0.2030823528766632
4.664308390022676,529.33813,0.20469634234905243
4.667210884353741,532.40454,0.20078396797180176
4.670113378684808,532.40454,0.20784437656402588
4.673015873015873,532.40454,0.2064971923828125
4.675918367346939,529.33813,0.21058087050914764
4.6788208616780045,529.33813,0.20552636682987213
4.68172335600907,529.33813,0.20852556824684143
4.684625850340136,529.33813,0.20457078516483307
4.687528344671202,532.40454,0.21152429282665253
4.690430839002268,529.33813,0.2146812379360199
4.693333333333333,529.33813,0.222897008061409
4.696235827664399,526.28937,0.2157745510339737
4.6991383219954646,523.2581,0.22250810265541077
4.702040816326531,523.2581,0.22578935325145721
4.704943310657597,526.28937,0.2245301902294159
4.707845804988662,526.28937,0.22861669957637787
4.710748299319728,526.28937,0.2328023612499237
4.713650793650793,0.0,0.2306407392024994
4.716553287981859,0.0,0.23225896060466766
4.7194557823129255,0.0,0.24344125390052795
4.722358276643991,474.3182,0.24102947115898132
4.725260770975057,477.0659,0.24746747314929962
4.728163265306122,474.3182,0.2571917772293091
4.731065759637188,474.3182,0.2671862840652466
4.733968253968254,474.3182,0.2679245173931122
4.73687074829932,474.3182,0.2775130271911621
4.739773242630386,477.0659,0.27830299735069275
4.742675736961451,474.3182,0.28619855642318726
4.745578231292517,474.3182,0.28499698638916016
4.748480725623582,474.3182,0.2918500006198883
4.751383219954649,474.3182,0.28862226009368896
4.7542857142857144,474.3182,0.29125359654426575
4.75718820861678,474.3182,0.2873774468898773
4.760090702947846,474.3182,0.28868094086647034
4.762993197278911,474.3182,0.2888539135456085
4.765895691609978,474.3182,0.2864709794521332
4.768798185941043,474.3182,0.2901020348072052
4.771700680272109,474.3182,0.2976903021335602
4.7746031746031745,474.3182,0.3000432550907135
4.77750566893424,474.3182,0.3017990291118622
4.780408163265306,474.3182,0.31253355741500854
4.783310657596372,474.3182,0.31539100408554077
4.786213151927438,474.3182,0.31811660528182983
4.789115646258503,474.3182,0.32006821036338806
4.792018140589569,474.3182,0.3234473466873169
4.794920634920635,474.3182,0.3205350339412689
4.797823129251701,474.3182,0.32394301891326904
4.800725623582767,474.3182,0.32495832443237305
4.803628117913832,474.3182,0.3234659433364868
4.806530612244898,474.3182,0.32377272844314575
4.8094331065759635,474.3182,0.33140113949775696
4.812335600907029,474.3182,0.3317408263683319
4.8152380952380955,474.3182,0.33246955275535583
4.818140589569161,474.3182,0.33414846658706665
4.821043083900227,474.3182,0.3329969048500061
4.823945578231292,474.3182,0.33301132917404175
4.826848072562358,474.3182,0.33952823281288147
4.829750566893424,474.3182,0.3390517234802246
4.83265306122449,474.3182,0.33626145124435425
4.835555555555556,474.3182,0.33978381752967834
4.838458049886621,474.3182,0.34194415807724
4.841360544217687,474.3182,0.33965158462524414
4.844263038548752,474.3182,0.3430117964744568
4.847165532879819,474.3182,0.33891475200653076
4.8500680272108845,474.3182,0.3346477746963501
4.85297052154195,474.3182,0.3315109610557556
4.855873015873016,474.3182,0.32880470156669617
4.858775510204081,474.3182,0.3230322301387787
4.861678004535148,474.3182,0.3166384696960449
4.864580498866213,474.3182,0.3107442557811737
4.867482993197279,474.3182,0.3036850392818451
4.8703854875283445,474.3182,0.3038111925125122
4.87328798185941,474.3182,0.29733631014823914
4.876190476190477,471.58633,0.2965274751186371
4.879092970521542,474.3182,0.2906873822212219
4.881995464852608,471.58633,0.2847869396209717
4.884897959183673,471.58633,0.27928563952445984
4.887800453514739,471.58633,0.2704131603240967
4.890702947845805,471.58633,0.25918546319007874
4.893605442176871,474.3182,0.24574510753154755
4.896507936507937,474.3182,0.23861576616764069
4.899410430839002,0.0,0.22848844528198242
4.902312925170068,0.0,0.22009629011154175
4.9052154195011335,0.0,0.2135423868894577
4.9081179138322,0.0,0.21427638828754425
4.911020408163266,0.0,0.20863580703735352
4.913922902494331,0.0,0.21171081066131592
4.916825396825397,0.0,0.21734899282455444
4.919727891156462,0.0,0.21240322291851044
4.922630385487528,0.0,0.20865367352962494
4.9255328798185944,0.0,0.2051769345998764
4.92843537414966,0.0,0.21094651520252228
4.931337868480726,0.0,0.21305301785469055
4.934240362811791,0.0,0.21915365755558014
4.937142857142857,0.0,0.22530050575733185
4.940045351473923,0.0,0.2262600213289261
4.942947845804989,0.0,0.23104818165302277
4.9458503401360545,0.0,0.23721447587013245
4.94875283446712,0.0,0.24103620648384094
4.951655328798186,0.0,0.2428063452243805
4.954557823129251,0.0,0.2412887066602707
4.957460317460318,0.0,0.24061866104602814
4.960362811791383,0.0,0.2444453090429306
4.963265306122449,0.0,0.24698738753795624
4.966167800453515,0.0,0.24553132057189941
4.96907029478458,0.0,0.24820363521575928
4.971972789115647,0.0,0.25072377920150757
4.974875283446712,0.0,0.25075873732566833
4.977777777777778,0.0,0.2540116608142853
4.9806802721088435,0.0,0.2580265998840332
4.983582766439909,0.0,0.25436538457870483
4.986485260770975,0.0,0.2555452883243561
4.989387755102041,0.0,0.2668320834636688
4.992290249433107,0.0,0.2717467248439789
4.995192743764172,0.0,0.26879051327705383
4.998095238095238,0.0,0.27181723713874817
5.0009977324263035,0.0,0.27671584486961365
5.00390022675737,0.0,0.26775914430618286
5.006802721088436,714.79297,0.26360654830932617
5.009705215419501,714.79297,0.2520730495452881
5.012607709750567,723.0985,0.25085899233818054
5.015510204081632,731.50055,0.24774770438671112
5.018412698412698,735.7381,0.24902991950511932
5.0213151927437645,706.5828,0.23857367038726807
5.02421768707483,702.5131,0.24197740852832794
5.027120181405896,714.79297,0.2517659366130829
5.030022675736961,694.4441,0.259580135345459
5.032925170068027,702.5131,0.25842374563217163
5.035827664399093,706.5828,0.2533307671546936
5.038730158730159,694.4441,0.24635399878025055
5.0416326530612245,678.5828,0.24646461009979248
5.04453514739229,674.67444,0.2556341588497162
5.047437641723356,666.9252,0.2506921589374542
5.050340136054421,663.0839,0.2523735761642456
5.053242630385488,663.0839,0.25718680024147034
5.056145124716553,663.0839,0.26314952969551086
5.059047619047619,659.2648,0.27344876527786255
5.061950113378685,663.0839,0.2905547022819519
5.06485260770975,663.0839,0.30880528688430786
5.067755102040817,663.0839,0.31799420714378357
5.070657596371882,663.0839,0.3191116452217102
5.073560090702948,663.0839,0.3204307556152344
5.0764625850340135,663.0839,0.319801926612854
5.079365079365079,663.0839,0.330575168132782
5.082267573696146,663.0839,0.3275908827781677
5.085170068027211,659.2648,0.3244869112968445
5.088072562358277,655.46765,0.31696534156799316
5.090975056689342,663.0839,0.3170522153377533
5.093877551020408,666.9252,0.3193988800048828
5.0967800453514736,663.0839,0.3201688826084137
5.09968253968254,663.0839,0.3222525715827942
5.102585034013606,659.2648,0.3221244812011719
5.105487528344671,659.2648,0.32314470410346985
5.108390022675737,659.2648,0.3245522379875183
5.111292517006802,663.0839,0.3149752914905548
5.114195011337869,663.0839,0.3116260766983032
5.1170975056689345,663.0839,0.316177099943161
5.12,663.0839,0.31862422823905945
5.122902494331066,663.0839,0.32301345467567444
5.125804988662131,663.0839,0.3224394917488098
5.128707482993197,663.0839,0.3320137560367584
5.131609977324263,663.0839,0.342543363571167
5.134512471655329,659.2648,0.3488869369029999
5.137414965986395,663.0839,0.3419702351093292
5.14031746031746,659.2648,0.32912254333496094
5.143219954648526,659.2648,0.32864323258399963
5.146122448979592,659.2648,0.31119391322135925
5.149024943310658,659.2648,0.2987651228904724
5.1519274376417235,659.2648,0.27853909134864807
5.154829931972789,659.2648,0.25189000368118286
5.157732426303855,0.0,0.2381880134344101
5.16063492063492,0.0,0.23240306973457336
5.163537414965987,0.0,0.23104895651340485
5.166439909297052,0.0,0.21347738802433014
5.169342403628118,0.0,0.21591931581497192
5.1722448979591835,0.0,0.21646511554718018
5.175147392290249,0.0,0.20851020514965057
5.178049886621316,0.0,0.21337659657001495
5.180952380952381,0.0,0.21340876817703247
5.183854875283447,0.0,0.2121036797761917
5.186757369614512,0.0,0.21219570934772491
5.189659863945578,0.0,0.21493880450725555
5.192562358276644,0.0,0.2210639864206314
5.19546485260771,0.0,0.2163558006286621
5.198367346938776,0.0,0.21802638471126556
5.201269841269841,0.0,0.2087642252445221
5.204172335600907,0.0,0.20697550475597382
5.2070748299319725,0.0,0.20868350565433502
5.209977324263039,0.0,0.20499394834041595
5.2128798185941045,0.0,0.20279322564601898
5.21578231292517,0.0,0.19461597502231598
5.218684807256236,0.0,0.1974020153284073
5.221587301587301,0.0,0.19537441432476044
5.224489795918367,0.0,0.19440075755119324
5.227392290249433,0.0,0.1999293863773346
5.230294784580499,0.0,0.19857940077781677
5.233197278911565,0.0,0.19984237849712372
5.23609977324263,0.0,0.20629501342773438
5.239002267573696,0.0,0.20517440140247345
5.241904761904762,0.0,0.21570302546024323
5.244807256235828,0.0,0.21768547594547272
5.2477097505668935,0.0,0.2262837439775467
5.250612244897959,0.0,0.2234153002500534
5.253514739229025,0.0,0.22183310985565186
5.25641723356009,0.0,0.2272597849369049
5.259319727891157,0.0,0.22270558774471283
5.262222222222222,0.0,0.23149412870407104
5.265124716553288,0.0,0.22478890419006348
5.2680272108843536,0.0,0.2274036705493927
5.270929705215419,0.0,0.21992625296115875
5.273832199546486,0.0,0.22119970619678497
5.276734693877551,0.0,0.221366748213768
5.279637188208617,0.0,0.22442856431007385
5.282539682539682,0.0,0.22449107468128204
5.285442176870748,0.0,0.22155620157718658
5.288344671201814,0.0,0.22040024399757385
5.29124716553288,0.0,0.21690325438976288
5.294149659863946,0.0,0.22340668737888336
5.297052154195011,0.0,0.22348374128341675
5.299954648526077,0.0,0.23026670515537262
5.3028571428571425,0.0,0.22032584249973297
5.305759637188209,0.0,0.22070305049419403
5.308662131519275,0.0,0.21622274816036224
5.31156462585034,0.0,0.21873754262924194
5.314467120181406,0.0,0.2191982865333557
5.317369614512471,0.0,0.22735941410064697
5.320272108843538,0.0,0.22479718923568726
5.3231746031746034,0.0,0.22354136407375336
5.326077097505669,0.0,0.2390018254518509
5.328979591836735,0.0,0.23703959584236145
5.3318820861678,0.0,0.24002881348133087
5.334784580498866,477.0659,0.2422618716955185
5.337687074829932,474.3182,0.24676012992858887
5.340589569160998,474.3182,0.23285219073295593
5.3434920634920635,474.3182,0.24253079295158386
5.346394557823129,474.3182,0.2448491007089615
5.349297052154195,474.3182,0.23676328361034393
5.352199546485261,477.0659,0.24728873372077942
5.355102040816327,477.0659,0.2633450925350189
5.358004535147392,474.3182,0.2702743113040924
5.360907029478458,474.3182,0.2716381549835205
5.363809523809524,474.3182,0.28778037428855896
5.366712018140589,477.0659,0.29559117555618286
5.369614512471656,474.3182,0.3111893832683563
5.372517006802721,474.3182,0.3199425935745239
5.375419501133787,474.3182,0.33174049854278564
5.3783219954648525,474.3182,0.3394516110420227
5.381224489795918,474.3182,0.34257909655570984
5.3841269841269845,474.3182,0.35462066531181335
5.38702947845805,474.3182,0.35844799876213074
5.389931972789116,474.3182,0.3579009473323822
5.392834467120181,474.3182,0.35299164056777954
5.395736961451247,474.3182,0.3573397099971771
5.3986394557823125,474.3182,0.35516849160194397
5.401541950113379,474.3182,0.34557726979255676
5.404444444444445,474.3182,0.3445747196674347
5.40734693877551,474.3182,0.3407154083251953
5.410249433106576,474.3182,0.33204618096351624
5.413151927437641,474.3182,0.33000096678733826
5.416054421768708,474.3182,0.3338558077812195
5.4189569160997735,474.3182,0.33071422576904297
5.421859410430839,474.3182,0.33083903789520264
5.424761904761905,474.3182,0.3353714644908905
5.42766439909297,474.3182,0.339129775762558
5.430566893424036,474.3182,0.3349444568157196
5.433469387755102,474.3182,0.3389781713485718
5.436371882086168,474.3182,0.3458283841609955
5.4392743764172335,474.3182,0.3443436026573181
5.442176870748299,474.3182,0.34326162934303284
5.445079365079365,474.3182,0.3440570831298828
5.447981859410431,474.3182,0.3421705961227417
5.450884353741497,474.3182,0.3336959183216095
5.453786848072562,474.3182,0.33766433596611023
5.456689342403628,474.3182,0.34042537212371826
5.459591836734694,474.3182,0.33606812357902527
5.462494331065759,474.3182,0.3338998258113861
5.465396825396826,474.3182,0.3296639919281006
5.468299319727891,474.3182,0.31691110134124756
5.471201814058957,474.3182,0.3138066828250885
5.4741043083900225,474.3182,0.3151705265045166
5.477006802721088,474.3182,0.3144438564777374
5.479909297052155,474.3182,0.3091907799243927
5.48281179138322,474.3182,0.30404260754585266
5.485714285714286,474.3182,0.30126309394836426
5.488616780045351,474.3182,0.30426904559135437
5.491519274376417,474.3182,0.3076189160346985
5.494421768707483,474.3182,0.30482596158981323
5.497324263038549,474.3182,0.30614298582077026
5.500226757369615,474.3182,0.3015221357345581
5.50312925170068,474.3182,0.2993954122066498
5.506031746031746,474.3182,0.2909083962440491
5.508934240362811,474.3182,0.28370770812034607
5.511836734693878,474.3182,0.27284836769104004
5.5147392290249435,477.0659,0.26103639602661133
5.517641723356009,477.0659,0.24999792873859406
5.520544217687075,474.3182,0.23756469786167145
5.52344671201814,0.0,0.22584861516952515
5.526349206349207,0.0,0.21385027468204498
5.529251700680272,0.0,0.2138330489397049
5.532154195011338,0.0,0.21197590231895447
5.535056689342404,0.0,0.21197418868541718
5.537959183673469,0.0,0.2153802216053009
5.540861678004535,0.0,0.2163539081811905
5.543764172335601,0.0,0.2229079157114029
5.546666666666667,0.0,0.2247716188430786
5.5495691609977325,0.0,0.22344881296157837
5.552471655328798,0.0,0.22556059062480927
5.555374149659864,0.0,0.2304685115814209
5.55827664399093,0.0,0.23118244111537933
5.561179138321996,0.0,0.2344733029603958
5.564081632653061,0.0,0.23580315709114075
5.566984126984127,0.0,0.23413895070552826
5.5698866213151925,0.0,0.2305963933467865
5.572789115646258,0.0,0.2317255437374115
5.575691609977325,0.0,0.23054243624210358
5.57859410430839,0.0,0.22331376373767853
5.581496598639456,0.0,0.22191980481147766
5.584399092970521,0.0,0.22354558110237122
5.587301587301587,0.0,0.22971972823143005
5.5902040816326535,0.0,0.23614829778671265
5.593106575963719,0.0,0.24500201642513275
5.596009070294785,0.0,0.24994666874408722
5.59891156462585,0.0,0.2552794814109802
5.601814058956916,0.0,0.25973111391067505
5.6047165532879815,0.0,0.2631712257862091
5.607619047619048,0.0,0.26782718300819397
5.6105215419501135,0.0,0.26900866627693176
5.613424036281179,0.0,0.26494312286376953
5.616326530612245,0.0,0.26328903436660767
5.61922902494331,0.0,0.26963692903518677
5.622131519274377,0.0,0.2697089910507202
5.625034013605442,0.0,0.26695138216018677
5.627936507936508,0.0,0.2711268663406372
5.630839002267574,0.0,0.27425530552864075
5.633741496598639,0.0,0.27376919984817505
5.636643990929705,0.0,0.2723354399204254
5.639546485260771,0.0,0.27321505546569824
5.642448979591837,0.0,0.2736797630786896
5.6453514739229025,0.0,0.27155083417892456
5.648253968253968,0.0,0.2718738913536072
5.651156462585034,0.0,0.2715432643890381
5.6540589569161,0.0,0.2659261226654053
5.656961451247166,0.0,0.2595105469226837
5.659863945578231,0.0,0.257828027009964
5.662766439909297,0.0,0.25948548316955566
5.6656689342403626,0.0,0.2513369917869568
5.668571428571428,0.0,0.24978004395961761
5.671473922902495,0.0,0.24899475276470184
5.67437641723356,0.0,0.2419532984495163
5.677278911564626,0.0,0.23627537488937378
5.680181405895691,0.0,0.23409715294837952
5.683083900226757,0.0,0.23210947215557098
5.6859863945578235,0.0,0.218901589512825
5.688888888888889,0.0,0.21724097430706024
5.691791383219955,0.0,0.2188391238451004
5.69469387755102,0.0,0.21256005764007568
5.697596371882086,0.0,0.2083466351032257
5.7004988662131515,0.0,0.20453563332557678
5.703401360544218,0.0,0.2026807963848114
5.706303854875284,0.0,0.19982652366161346
5.709206349206349,0.0,0.2073202282190323
5.712108843537415,0.0,0.2007780224084854
5.71501133786848,0.0,0.19404830038547516
5.717913832199547,0.0,0.19949974119663239
5.7208163265306125,0.0,0.19324828684329987
5.723718820861678,0.0,0.19178195297718048
5.726621315192744,0.0,0.19676366448402405
5.729523809523809,0.0,0.19986794888973236
5.732426303854876,0.0,0.2068234384059906
5.735328798185941,0.0,0.22170503437519073
5.738231292517007,0.0,0.2279440462589264
5.7411337868480725,0.0,0.2291053682565689
5.744036281179138,471.58633,0.23902903497219086
5.746938775510204,471.58633,0.24698644876480103
5.74984126984127,471.58633,0.24345335364341736
5.752743764172336,471.58633,0.24669966101646423
5.755646258503401,471.58633,0.23943383991718292
5.758548752834467,471.58633,0.23359884321689606
5.761451247165533,471.58633,0.23342183232307434
5.764353741496599,474.3182,0.23902863264083862
5.767256235827665,471.58633,0.23825275897979736
5.77015873015873,471.58633,0.23134592175483704
5.773061224489796,471.58633,0.24464519321918488
5.7759637188208615,471.58633,0.24491249024868011
5.778866213151927,471.58633,0.25665393471717834
5.7817687074829935,471.58633,0.26273852586746216
5.784671201814059,471.58633,0.2654440701007843
5.787573696145125,471.58633,0.26785463094711304
5.79047619047619,474.3182,0.27682486176490784
5.793378684807256,474.3182,0.2860695421695709
5.796281179138322,474.3182,0.28997471928596497
5.799183673469388,474.3182,0.29337799549102783
5.802086167800454,474.3182,0.2916310131549835
5.804988662131519,474.3182,0.2897776961326599
5.807891156462585,474.3182,0.29122626781463623
5.81079365079365,474.3182,0.2951529026031494
5.813696145124717,474.3182,0.2983725965023041
5.8165986394557825,474.3182,0.3015471398830414
5.819501133786848,474.3182,0.2987968921661377
5.822403628117914,471.58633,0.3005034625530243
5.825306122448979,474.3182,0.3041706681251526
5.828208616780046,474.3182,0.3115760385990143
5.831111111111111,474.3182,0.3180432915687561
5.834013605442177,474.3182,0.3203483819961548
5.8369160997732425,474.3182,0.32532259821891785
5.839818594104308,474.3182,0.3259371519088745
5.842721088435374,474.3182,0.33565980195999146
5.84562358276644,474.3182,0.34512564539909363
5.848526077097506,474.3182,0.34549447894096375
5.851428571428571,474.3182,0.3495561480522156
5.854331065759637,474.3182,0.34770989418029785
5.857233560090703,474.3182,0.3488243520259857
5.860136054421769,474.3182,0.3471391797065735
5.863038548752835,474.3182,0.3453795611858368
5.8659410430839,474.3182,0.3396451473236084
5.868843537414966,474.3182,0.33411863446235657
5.8717460317460315,474.3182,0.32974550127983093
5.874648526077097,474.3182,0.3282963037490845
5.877551020408164,474.3182,0.32710328698158264
5.880453514739229,474.3182,0.3237970769405365
5.883356009070295,474.3182,0.3231605589389801
5.88625850340136,474.3182,0.32326704263687134
5.889160997732426,474.3182,0.3275083899497986
5.8920634920634924,474.3182,0.32750797271728516
5.894965986394558,474.3182,0.33063697814941406
5.897868480725624,474.3182,0.3278841972351074
5.900770975056689,474.3182,0.3253156244754791
5.903673469387755,474.3182,0.32450684905052185
5.90657596371882,474.3182,0.32419613003730774
5.909478458049887,474.3182,0.3235595226287842
5.9123809523809525,474.3182,0.318800687789917
5.915283446712018,474.3182,0.32063645124435425
5.918185941043084,474.3182,0.31862109899520874
5.921088435374149,474.3182,0.32005593180656433
5.923990929705216,474.3182,0.3233528435230255
5.926893424036281,474.3182,0.32322126626968384
5.929795918367347,474.3182,0.3215687870979309
5.932698412698413,474.3182,0.3241184651851654
5.935600907029478,474.3182,0.32689377665519714
5.938503401360544,474.3182,0.3272504210472107
5.94140589569161,474.3182,0.32968205213546753
5.944308390022676,474.3182,0.33277252316474915
5.9472108843537415,474.3182,0.33362340927124023
5.950113378684807,474.3182,0.3360392153263092
5.953015873015873,474.3182,0.3404020667076111
5.955918367346939,474.3182,0.3393764793872833
5.958820861678005,474.3182,0.34067046642303467
5.96172335600907,474.3182,0.34029752016067505
5.964625850340136,474.3182,0.34132519364356995
5.9675283446712015,474.3182,0.3404735028743744
5.970430839002268,474.3182,0.34092435240745544
5.973333333333334,474.3182,0.3402005732059479
5.976235827664399,474.3182,0.3393380343914032
5.979138321995465,474.3182,0.34061506390571594
5.98204081632653,474.3182,0.33893725275993347
5.984943310657596,474.3182,0.34128648042678833
5.9878458049886625,474.3182,0.34193116426467896
5.990748299319728,474.3182,0.34100738167762756
5.993650793650794,474.3182,0.34420377016067505
5.996553287981859,474.3182,0.35067492723464966
5.999455782312925,474.3182,0.3522055745124817
6.002358276643991,474.3182,0.3559713363647461
6.005260770975057,474.3182,0.36271145939826965
6.0081632653061225,474.3182,0.3634031116962433
6.011065759637188,474.3182,0.3665443956851959
6.013968253968254,474.3182,0.36991310119628906
6.016870748299319,474.3182,0.36879295110702515
6.019773242630386,474.3182,0.3686595559120178
6.022675736961451,474.3182,0.3678234815597534
6.025578231292517,474.3182,0.3686515688896179
6.028480725623583,474.3182,0.36569222807884216
6.031383219954648,474.3182,0.3628690838813782
6.034285714285715,474.3182,0.364425927400589
6.03718820861678,474.3182,0.36486536264419556
6.040090702947846,474.3182,0.3617115020751953
6.0429931972789115,474.3182,0.3623730540275574
6.045895691609977,474.3182,0.3610926866531372
6.048798185941043,474.3182,0.3566344082355499
6.051700680272109,474.3182,0.35738685727119446
6.054603174603175,474.3182,0.3568490743637085
6.05750566893424,474.3182,0.3561425507068634
6.060408163265306,474.3182,0.35101833939552307
6.0633106575963716,474.3182,0.3518592417240143
6.066213151927438,474.3182,0.34986647963523865
6.069115646258504,474.3182,0.3476514518260956
6.072018140589569,474.3182,0.3472624719142914
6.074920634920635,474.3182,0.34667783975601196
6.0778231292517,474.3182,0.34646305441856384
6.080725623582766,474.3182,0.34370213747024536
6.0836281179138325,474.3182,0.3450597822666168
6.086530612244898,474.3182,0.3436743915081024
6.089433106575964,474.3182,0.34058520197868347
6.092335600907029,474.3182,0.3388867974281311
6.095238095238095,474.3182,0.3372914791107178
6.098140589569161,474.3182,0.3256610035896301
6.101043083900227,477.0659,0.3162490129470825
6.103945578231293,477.0659,0.3063756227493286
6.106848072562358,477.0659,0.29936620593070984
6.109750566893424,474.3182,0.2861575782299042
6.112653061224489,474.3182,0.27333223819732666
6.115555555555556,474.3182,0.2666158974170685
6.1184580498866215,474.3182,0.2583608627319336
6.121360544217687,0.0,0.2547498941421509
6.124263038548753,0.0,0.24877354502677917
6.127165532879818,0.0,0.24012835323810577
6.130068027210885,0.0,0.22063538432121277
6.13297052154195,0.0,0.23266789317131042
6.135873015873016,0.0,0.22911855578422546
6.1387755102040815,0.0,0.21917685866355896
6.141678004535147,0.0,0.22069433331489563
6.144580498866213,0.0,0.23965632915496826
6.147482993197279,0.0,0.2603176534175873
6.150385487528345,0.0,0.26530721783638
6.15328798185941,0.0,0.277998149394989
6.156190476190476,0.0,0.28243979811668396
6.159092970521542,0.0,0.2843800187110901
6.161995464852608,0.0,0.2915988564491272
6.164897959183674,0.0,0.28838205337524414
6.167800453514739,0.0,0.2769736349582672
6.170702947845805,0.0,0.26317912340164185
6.1736054421768705,0.0,0.2572459280490875
6.176507936507937,0.0,0.24616432189941406
6.1794104308390025,0.0,0.23684830963611603
6.182312925170068,0.0,0.22876742482185364
6.185215419501134,0.0,0.22881369292736053
6.188117913832199,0.0,0.22900305688381195
6.191020408163265,0.0,0.21886597573757172
6.193922902494331,0.0,0.21615174412727356
6.196825396825397,0.0,0.22678254544734955
6.199727891156463,0.0,0.23179227113723755
6.202630385487528,0.0,0.22952412068843842
6.205532879818594,0.0,0.24399656057357788
6.20843537414966,0.0,0.23941771686077118
6.211337868480726,0.0,0.2381298691034317
6.2142403628117915,0.0,0.23558248579502106
6.217142857142857,0.0,0.2330375462770462
6.220045351473923,0.0,0.2297389656305313
6.222947845804988,0.0,0.22852911055088043
6.225850340136055,0.0,0.22465382516384125
6.22875283446712,0.0,0.21211454272270203
6.231655328798186,0.0,0.21098527312278748
6.2345578231292516,0.0,0.21280205249786377
6.237460317460317,0.0,0.2124166488647461
6.240362811791384,0.0,0.22239623963832855
6.243265306122449,0.0,0.22130168974399567
6.246167800453515,0.0,0.2188764363527298
6.24907029478458,0.0,0.2274063229560852
6.251972789115646,0.0,0.23435460031032562
6.254875283446712,0.0,0.23629947006702423
6.257777777777778,0.0,0.23728850483894348
6.260680272108844,0.0,0.23610301315784454
6.263582766439909,0.0,0.22869105637073517
6.266485260770975,0.0,0.226772740483284
6.2693877551020405,0.0,0.228861466050148
6.272290249433107,0.0,0.22074970602989197
6.275192743764173,0.0,0.21597151458263397
6.278095238095238,0.0,0.21397003531455994
6.280997732426304,0.0,0.21549959480762482
6.283900226757369,0.0,0.22066330909729004
6.286802721088435,0.0,0.2231859266757965
6.2897052154195014,0.0,0.22656133770942688
6.292607709750567,0.0,0.2286211997270584
6.295510204081633,0.0,0.22808893024921417
6.298412698412698,0.0,0.23007243871688843
6.301315192743764,0.0,0.2344176024198532
6.30421768707483,0.0,0.2345045506954193
6.307120181405896,0.0,0.2393377125263214
6.3100226757369615,0.0,0.23663127422332764
6.312925170068027,0.0,0.23399235308170319
6.315827664399093,0.0,0.2339330017566681
6.318730158730158,0.0,0.23906606435775757
6.321632653061225,0.0,0.23791255056858063
6.32453514739229,0.0,0.23943234980106354
6.327437641723356,0.0,0.23970669507980347
6.330340136054422,0.0,0.23440682888031006
6.333242630385487,0.0,0.2362428456544876
6.336145124716554,0.0,0.2373887300491333
6.339047619047619,0.0,0.23498716950416565
6.341950113378685,0.0,0.23438183963298798
6.3448526077097505,0.0,0.23425140976905823
6.347755102040816,0.0,0.22615154087543488
6.350657596371882,0.0,0.2247031033039093
6.353560090702948,0.0,0.22532428801059723
6.356462585034014,0.0,0.22315888106822968
6.359365079365079,0.0,0.22358883917331696
6.362267573696145,0.0,0.22506466507911682
6.3651700680272105,0.0,0.22245503962039948
6.368072562358277,0.0,0.22088852524757385
6.370975056689343,0.0,0.22368748486042023
6.373877551020408,0.0,0.21933552622795105
6.376780045351474,0.0,0.21595652401447296
6.379682539682539,0.0,0.21499082446098328
6.382585034013606,0.0,0.21171702444553375
6.3854875283446715,0.0,0.20724095404148102
6.388390022675737,0.0,0.2071644365787506
6.391292517006803,0.0,0.20213541388511658
6.394195011337868,0.0,0.20262475311756134
6.397097505668934,0.0,0.20565590262413025
6.4,0.0,0.20450802147388458
6.402902494331066,0.0,0.20542769134044647
6.4058049886621315,0.0,0.2067471742630005
6.408707482993197,0.0,0.21086059510707855
6.411609977324263,0.0,0.21224728226661682
6.414512471655329,0.0,0.21864676475524902
6.417414965986395,0.0,0.21606776118278503
6.42031746031746,0.0,0.21696414053440094
6.423219954648526,0.0,0.21812067925930023
6.426122448979592,0.0,0.22177119553089142
6.429024943310657,0.0,0.22447197139263153
6.431927437641724,0.0,0.22520771622657776
6.434829931972789,0.0,0.22645296156406403
6.437732426303855,0.0,0.22633245587348938
6.4406349206349205,0.0,0.22568131983280182
6.443537414965986,0.0,0.2289644330739975
6.446439909297053,0.0,0.23060424625873566
6.449342403628118,0.0,0.2301187515258789
6.452244897959184,0.0,0.23079754412174225
6.455147392290249,0.0,0.23154406249523163
6.458049886621315,0.0,0.2306363731622696
6.460952380952381,0.0,0.23226046562194824
6.463854875283447,0.0,0.2391977459192276
6.466757369614513,0.0,0.23562109470367432
6.469659863945578,0.0,0.23949743807315826
6.472562358276644,0.0,0.23801538348197937
6.475464852607709,0.0,0.2332117259502411
6.478367346938776,0.0,0.22900409996509552
6.4812698412698415,0.0,0.24385352432727814
6.484172335600907,0.0,0.25436273217201233
6.487074829931973,0.0,0.25128865242004395
6.489977324263038,0.0,0.2592495083808899
6.492879818594104,0.0,0.25005486607551575
6.49578231292517,0.0,0.2683984339237213
6.498684807256236,0.0,0.2740444540977478
6.501587301587302,0.0,0.2806834280490875
6.504489795918367,0.0,0.27090853452682495
6.507392290249433,0.0,0.2738490700721741
6.510294784580499,0.0,0.28377512097358704
6.513197278911565,0.0,0.2837313115596771
6.5160997732426305,0.0,0.2984864115715027
6.519002267573696,0.0,0.28201204538345337
6.521904761904762,0.0,0.2888947129249573
6.524807256235827,0.0,0.2797516882419586
6.527709750566894,0.0,0.27643632888793945
6.530612244897959,0.0,0.2609020471572876
6.533514739229025,0.0,0.24819450080394745
6.5364172335600905,0.0,0.23706622421741486
6.539319727891156,0.0,0.22241733968257904
6.542222222222223,0.0,0.21736255288124084
6.545124716553288,0.0,0.19472375512123108
6.548027210884354,0.0,0.19822737574577332
6.550929705215419,0.0,0.20182843506336212
6.553832199546485,0.0,0.20246919989585876
6.556734693877551,0.0,0.2030274122953415
6.559637188208617,0.0,0.20558451116085052
6.562539682539683,0.0,0.20305228233337402
6.565442176870748,0.0,0.2035030573606491
6.568344671201814,0.0,0.20551766455173492
6.5712471655328795,0.0,0.2006492167711258
6.574149659863946,0.0,0.19184231758117676
6.5770521541950115,0.0,0.1875409483909607
6.579954648526077,0.0,0.18829701840877533
6.582857142857143,0.0,0.19182434678077698
6.585759637188208,0.0,0.19063031673431396
6.588662131519274,0.0,0.200064018368721
6.59156462585034,0.0,0.20616132020950317
6.594467120181406,0.0,0.2078344076871872
6.597369614512472,0.0,0.20668503642082214
6.600272108843537,0.0,0.20041395723819733
6.603174603174603,0.0,0.19493494927883148
6.606077097505669,0.0,0.1873088777065277
6.608979591836735,0.0,0.18831539154052734
6.6118820861678005,0.0,0.17573042213916779
6.614784580498866,0.0,0.1734345406293869
6.617687074829932,0.0,0.17537644505500793
6.620589569160998,0.0,0.169305220246315
6.623492063492064,0.0,0.17972753942012787
6.626394557823129,0.0,0.18255174160003662
6.629297052154195,0.0,0.17853127419948578
6.6321995464852606,0.0,0.1739950180053711
6.635102040816326,0.0,0.1691947877407074
6.638004535147393,0.0,0.16676639020442963
6.640907029478458,0.0,0.16789646446704865
6.643809523809524,0.0,0.17059540748596191
6.646712018140589,0.0,0.1657617837190628
6.649614512471655,0.0,0.1628081202507019
6.6525170068027215,0.0,0.17608805000782013
6.655419501133787,0.0,0.18356847763061523
6.658321995464853,0.0,0.20889385044574738
6.661224489795918,0.0,0.22337034344673157
6.664126984126984,0.0,0.23718106746673584
6.6670294784580495,0.0,0.24582906067371368
6.669931972789116,0.0,0.25044336915016174
6.672834467120182,0.0,0.2598843574523926
6.675736961451247,0.0,0.2674780488014221
6.678639455782313,0.0,0.2786464989185333
6.681541950113378,0.0,0.2661092281341553
6.684444444444445,0.0,0.26247209310531616
6.6873469387755105,0.0,0.2569155991077423
6.690249433106576,0.0,0.2563794255256653
6.693151927437642,0.0,0.25585025548934937
6.696054421768707,0.0,0.2500627040863037
6.698956916099773,0.0,0.24311710894107819
6.701859410430839,0.0,0.23761188983917236
6.704761904761905,0.0,0.2468564212322235
6.7076643990929705,0.0,0.24434876441955566
6.710566893424036,0.0,0.24968937039375305
6.713469387755102,0.0,0.25827088952064514
6.716371882086168,0.0,0.27038729190826416
6.719274376417234,0.0,0.2830156087875366
6.722176870748299,0.0,0.29156965017318726
6.725079365079365,0.0,0.29786789417266846
6.727981859410431,0.0,0.2959895133972168
6.730884353741496,0.0,0.29429891705513
6.733786848072563,0.0,0.2921126186847687
6.736689342403628,0.0,0.28147125244140625
6.739591836734694,0.0,0.2756299674510956
6.7424943310657595,0.0,0.26797595620155334
6.745396825396825,0.0,0.25446438789367676
6.7482993197278915,0.0,0.25231194496154785
6.751201814058957,0.0,0.24496589601039886
6.754104308390023,0.0,0.24624380469322205
6.757006802721088,0.0,0.24806693196296692
6.759909297052154,0.0,0.25352489948272705
6.7628117913832195,0.0,0.2522229552268982
6.765714285714286,0.0,0.25731348991394043
6.768616780045352,0.0,0.25809746980667114
6.771519274376417,0.0,0.2585850656032562
6.774421768707483,0.0,0.26714831590652466
6.777324263038548,0.0,0.2734191417694092
6.780226757369615,0.0,0.26862460374832153
6.7831292517006805,0.0,0.2694275975227356
6.786031746031746,0.0,0.27308714389801025
6.788934240362812,0.0,0.27202308177948
6.791836734693877,0.0,0.2676510810852051
6.794739229024943,0.0,0.265676349401474
6.797641723356009,0.0,0.25803905725479126
6.800544217687075,0.0,0.2477843463420868
6.8034467120181406,0.0,0.23990567028522491
6.806349206349206,0.0,0.23361574113368988
6.809251700680272,0.0,0.22103667259216309
6.812154195011338,0.0,0.20518210530281067
6.815056689342404,0.0,0.21258172392845154
6.817959183673469,0.0,0.203257754445076
6.820861678004535,0.0,0.2086775153875351
6.823764172335601,0.0,0.21120288968086243
6.826666666666667,0.0,0.22059348225593567
6.829569160997733,0.0,0.22219274938106537
6.832471655328798,0.0,0.2251313328742981
6.835374149659864,0.0,0.2265450656414032
6.8382766439909295,0.0,0.22045846283435822
6.841179138321995,0.0,0.21500395238399506
6.844081632653062,0.0,0.20700481534004211
6.846984126984127,0.0,0.19881571829319
6.849886621315193,0.0,0.18633736670017242
6.852789115646258,0.0,0.18088871240615845
6.855691609977324,0.0,0.17734000086784363
6.8585941043083904,0.0,0.17647206783294678
6.861496598639456,0.0,0.18173834681510925
6.864399092970522,0.0,0.1882016509771347
6.867301587301587,0.0,0.19701063632965088
6.870204081632653,0.0,0.20208846032619476
6.873106575963718,0.0,0.2108491212129593
6.876009070294785,0.0,0.21648477017879486
6.8789115646258505,0.0,0.22011785209178925
6.881814058956916,0.0,0.21827243268489838
6.884716553287982,0.0,0.20944508910179138
6.887619047619047,0.0,0.2034953087568283
6.890521541950114,0.0,0.19444383680820465
6.893424036281179,0.0,0.19487789273262024
6.896326530612245,0.0,0.18803927302360535
6.899229024943311,0.0,0.18847259879112244
6.902131519274376,0.0,0.18801066279411316
6.905034013605442,0.0,0.18660655617713928
6.907936507936508,0.0,0.18691256642341614
6.910839002267574,0.0,0.18132905662059784
6.9137414965986395,0.0,0.1799524575471878
6.916643990929705,0.0,0.17457585036754608
6.919546485260771,0.0,0.17129018902778625
6.922448979591837,0.0,0.1613144874572754
6.925351473922903,0.0,0.15398436784744263
6.928253968253968,0.0,0.15512938797473907
6.931156462585034,0.0,0.1612796187400818
6.9340589569160995,0.0,0.17414946854114532
6.936961451247165,0.0,0.1716681569814682
6.939863945578232,0.0,0.17607341706752777
6.942766439909297,0.0,0.176405668258667
6.945668934240363,0.0,0.17744003236293793
6.948571428571428,0.0,0.17258508503437042
6.951473922902494,0.0,0.1709843873977661
6.9543764172335605,0.0,0.17007838189601898
6.957278911564626,0.0,0.16264666616916656
6.960181405895692,0.0,0.1707765907049179
6.963083900226757,0.0,0.16434161365032196
6.965986394557823,0.0,0.1694275289773941
6.9688888888888885,0.0,0.17167380452156067
6.971791383219955,0.0,0.17732053995132446
6.9746938775510205,0.0,0.1803269237279892
6.977596371882086,0.0,0.1788770854473114
6.980498866213152,0.0,0.18737651407718658
6.983401360544217,0.0,0.18379545211791992
6.986303854875284,0.0,0.18154168128967285
6.989206349206349,0.0,0.17440786957740784
6.992108843537415,0.0,0.1710701286792755
6.995011337868481,0.0,0.18695791065692902
6.997913832199546,0.0,0.20250725746154785
7.000816326530612,0.0,0.221490278840065
7.003718820861678,0.0,0.22298099100589752
7.006621315192744,0.0,0.2370651513338089
7.0095238095238095,0.0,0.24824614822864532
7.012426303854875,0.0,0.26172998547554016
7.015328798185941,0.0,0.2740887999534607
7.018231292517007,0.0,0.2712065875530243
7.021133786848073,0.0,0.2699342668056488
7.024036281179138,0.0,0.26224485039711
7.026938775510204,0.0,0.2627125680446625
7.02984126984127,0.0,0.262046754360199
7.032743764172336,0.0,0.2659934163093567
7.035646258503402,0.0,0.26213258504867554
7.038548752834467,0.0,0.25392264127731323
7.041451247165533,0.0,0.2586738169193268
7.044353741496598,0.0,0.25907111167907715
7.047256235827664,0.0,0.2631518542766571
7.0501587301587305,0.0,0.2604360580444336
7.053061224489796,0.0,0.2535378038883209
7.055963718820862,0.0,0.2528354227542877
7.058866213151927,0.0,0.262381911277771
7.061768707482993,0.0,0.2776510715484619
7.064671201814059,0.0,0.2782570719718933
7.067573696145125,0.0,0.2724132537841797
7.070476190476191,0.0,0.2710476517677307
7.073378684807256,0.0,0.2755569517612457
7.076281179138322,0.0,0.28156620264053345
7.079183673469387,0.0,0.28125321865081787
7.082086167800454,0.0,0.2714669108390808
7.0849886621315195,0.0,0.2619401514530182
7.087891156462585,0.0,0.24880710244178772
7.090793650793651,0.0,0.25597769021987915
7.093696145124716,0.0,0.2623521685600281
7.096598639455783,0.0,0.2561514973640442
7.099501133786848,0.0,0.2590954005718231
7.102403628117914,0.0,0.25714462995529175
7.1053061224489795,0.0,0.25937074422836304
7.108208616780045,0.0,0.26526570320129395
7.111111111111111,0.0,0.2719520926475525
7.114013605442177,0.0,0.27176323533058167
7.116916099773243,0.0,0.273301899433136
7.119818594104308,0.0,0.28128743171691895
7.122721088435374,0.0,0.272577166557312
7.12562358276644,0.0,0.2798718214035034
7.128526077097506,0.0,0.290793776512146
7.131428571428572,0.0,0.293573796749115
7.134331065759637,0.0,0.29057446122169495
7.137233560090703,0.0,0.2909746766090393
7.1401360544217685,0.0,0.28320860862731934
7.143038548752834,0.0,0.2749086022377014
7.1459410430839005,0.0,0.2713988423347473
7.148843537414966,0.0,0.2613930404186249
7.151746031746032,0.0,0.2445385903120041
7.154648526077097,0.0,0.2241939902305603
7.157551020408163,0.0,0.22649547457695007
7.160453514739229,0.0,0.21124963462352753
7.163356009070295,0.0,0.21237102150917053
7.166258503401361,0.0,0.2193620204925537
7.169160997732426,0.0,0.23433366417884827
7.172063492063492,0.0,0.2378007024526596
7.174965986394557,0.0,0.2434968799352646
7.177868480725624,0.0,0.25225746631622314
7.1807709750566895,0.0,0.2555885314941406
7.183673469387755,0.0,0.26578155159950256
7.186575963718821,0.0,0.26358023285865784
7.189478458049886,0.0,0.25606247782707214
7.192380952380953,0.0,0.24258320033550262
7.195283446712018,0.0,0.23292139172554016
7.198185941043084,0.0,0.22480033338069916
7.2010884353741496,0.0,0.21511505544185638
7.203990929705215,0.0,0.20271849632263184
7.206893424036281,0.0,0.19089797139167786
7.209795918367347,0.0,0.18945717811584473
7.212698412698413,0.0,0.18793992698192596
7.215600907029478,0.0,0.19163738191127777
7.218503401360544,0.0,0.1964789479970932
7.22140589569161,0.0,0.2056054323911667
7.224308390022676,0.0,0.20535515248775482
7.227210884353742,0.0,0.2103007435798645
7.230113378684807,0.0,0.21254700422286987
7.233015873015873,0.0,0.21077796816825867
7.2359183673469385,0.0,0.21158467233181
7.238820861678004,0.0,0.20724429190158844
7.241723356009071,0.0,0.20655618607997894
7.244625850340136,0.0,0.19626352190971375
7.247528344671202,0.0,0.20096758008003235
7.250430839002267,0.0,0.19509363174438477
7.253333333333333,0.0,0.19507941603660583
7.2562358276643995,0.0,0.18639598786830902
7.259138321995465,0.0,0.18587228655815125
7.262040816326531,0.0,0.18243524432182312
7.264943310657596,0.0,0.17826786637306213
7.267845804988662,0.0,0.17597657442092896
7.270748299319728,0.0,0.1747002750635147
7.273650793650794,0.0,0.17728953063488007
7.2765532879818595,0.0,0.1821315586566925
7.279455782312925,0.0,0.19862081110477448
7.282358276643991,0.0,0.2065366804599762
7.285260770975056,615.11554,0.20827805995941162
7.288163265306123,618.67896,0.21763215959072113
7.291065759637188,625.8676,0.21945609152317047
7.293968253968254,633.1399,0.22608748078346252
7.29687074829932,629.4933,0.23267412185668945
7.299773242630385,629.4933,0.23961010575294495
7.302675736961452,629.4933,0.23336990177631378
7.305578231292517,629.4933,0.22944378852844238
7.308480725623583,629.4933,0.23007835447788239
7.3113832199546485,625.8676,0.22009313106536865
7.314285714285714,629.4933,0.2169177532196045
7.31718820861678,629.4933,0.20835159718990326
7.320090702947846,625.8676,0.1976325958967209
7.322993197278912,625.8676,0.18027538061141968
7.325895691609977,629.4933,0.17981107532978058
7.328798185941043,647.93896,0.18598489463329315
7.3317006802721085,647.93896,0.20257610082626343
7.334603174603175,625.8676,0.2097979187965393
7.337505668934241,636.8077,0.21701188385486603
7.340408163265306,633.1399,0.2253173142671585
7.343310657596372,629.4933,0.23274382948875427
7.346213151927437,633.1399,0.24428565800189972
7.349115646258503,633.1399,0.24945515394210815
7.3520181405895695,633.1399,0.2579716742038727
7.354920634920635,633.1399,0.25980615615844727
7.357823129251701,633.1399,0.2674224376678467
7.360725623582766,629.4933,0.27415531873703003
7.363628117913832,629.4933,0.27114981412887573
7.366530612244898,629.4933,0.276130735874176
7.369433106575964,629.4933,0.27529263496398926
7.3723356009070296,633.1399,0.27865681052207947
7.375238095238095,629.4933,0.28089892864227295
7.378140589569161,629.4933,0.2863597869873047
7.381043083900226,629.4933,0.2933467626571655
7.383945578231293,629.4933,0.2998325824737549
7.386848072562358,629.4933,0.31114664673805237
7.389750566893424,629.4933,0.31507474184036255
7.39265306122449,629.4933,0.3223586678504944
7.395555555555555,629.4933,0.3275797963142395
7.398458049886622,625.8676,0.3215295672416687
7.401360544217687,625.8676,0.31649845838546753
7.404263038548753,625.8676,0.3079935610294342
7.4071655328798185,622.2629,0.30283069610595703
7.410068027210884,622.2629,0.2968275249004364
7.41297052154195,625.8676,0.29076823592185974
7.415873015873016,625.8676,0.2867896556854248
7.418775510204082,625.8676,0.2756805121898651
7.421678004535147,625.8676,0.2770204246044159
7.424580498866213,629.4933,0.2820588946342468
7.427482993197279,625.8676,0.28944408893585205
7.430385487528345,625.8676,0.2954815924167633
7.433287981859411,625.8676,0.2979106903076172
7.436190476190476,625.8676,0.30424249172210693
7.439092970521542,625.8676,0.30852779746055603
7.441995464852607,625.8676,0.3171970248222351
7.444897959183673,625.8676,0.3242051601409912
7.4478004535147395,629.4933,0.3252227306365967
7.450702947845805,629.4933,0.32911285758018494
7.453605442176871,629.4933,0.3312668800354004
7.456507936507936,625.8676,0.3379085659980774
7.459410430839002,625.8676,0.33942726254463196
7.462312925170068,629.4933,0.3390151262283325
7.465215419501134,629.4933,0.3402557671070099
7.4681179138322,629.4933,0.33719387650489807
7.471020408163265,629.4933,0.33418455719947815
7.473922902494331,633.1399,0.3267005681991577
7.476825396825397,633.1399,0.3174589276313782
7.479727891156463,629.4933,0.30956846475601196
7.4826303854875285,629.4933,0.3048137426376343
7.485532879818594,629.4933,0.30245038866996765
7.48843537414966,633.1399,0.29734504222869873
7.491337868480725,633.1399,0.29298070073127747
7.494240362811792,633.1399,0.28932660818099976
7.497142857142857,633.1399,0.2867346704006195
7.500045351473923,633.1399,0.2884240448474884
7.5029478458049885,633.1399,0.2889579236507416
7.505850340136054,633.1399,0.294914573431015
7.508752834467121,633.1399,0.3008100390434265
7.511655328798186,629.4933,0.3108668327331543
7.514557823129252,629.4933,0.32433876395225525
7.517460317460317,629.4933,0.34184032678604126
7.520362811791383,629.4933,0.3559211194515228
7.523265306122449,629.4933,0.37243959307670593
7.526167800453515,629.4933,0.38583093881607056
7.529070294784581,625.8676,0.389533668756485
7.531972789115646,629.4933,0.38924476504325867
7.534875283446712,625.8676,0.3889184594154358
7.5377777777777775,629.4933,0.3854353725910187
7.540680272108844,629.4933,0.3786858022212982
7.5435827664399095,629.4933,0.37436991930007935
7.546485260770975,625.8676,0.3630984127521515
7.549387755102041,625.8676,0.35234689712524414
7.552290249433106,625.8676,0.3468908667564392
7.555192743764172,625.8676,0.3430405557155609
7.558095238095238,625.8676,0.337237685918808
7.560997732426304,625.8676,0.32989200949668884
7.56390022675737,625.8676,0.317672997713089
7.566802721088435,625.8676,0.30602675676345825
7.569705215419501,625.8676,0.29876506328582764
7.572607709750567,625.8676,0.2964034974575043
7.575510204081633,625.8676,0.29799771308898926
7.5784126984126985,625.8676,0.3001861274242401
7.581315192743764,625.8676,0.3013705611228943
7.58421768707483,625.8676,0.3073742091655731
7.587120181405895,625.8676,0.3141806125640869
7.590022675736962,625.8676,0.3226339519023895
7.592925170068027,625.8676,0.32756298780441284
7.595827664399093,625.8676,0.32663223147392273
7.598730158730159,625.8676,0.3264580965042114
7.601632653061224,625.8676,0.32385486364364624
7.604535147392291,625.8676,0.3252227306365967
7.607437641723356,629.4933,0.3253140151500702
7.610340136054422,629.4933,0.3269244432449341
7.613242630385487,629.4933,0.32832568883895874
7.616145124716553,629.4933,0.329926460981369
7.619047619047619,629.4933,0.33236944675445557
7.621950113378685,629.4933,0.3310968279838562
7.624852607709751,629.4933,0.3313499093055725
7.627755102040816,629.4933,0.3264981210231781
7.630657596371882,629.4933,0.32136818766593933
7.6335600907029475,629.4933,0.3184961974620819
7.636462585034014,633.1399,0.31359729170799255
7.63936507936508,633.1399,0.3107321262359619
7.642267573696145,629.4933,0.3102673292160034
7.645170068027211,629.4933,0.30939531326293945
7.648072562358276,629.4933,0.30836814641952515
7.650975056689342,629.4933,0.313101589679718
7.6538775510204085,633.1399,0.3164709508419037
7.656780045351474,629.4933,0.32116368412971497
7.65968253968254,629.4933,0.32660380005836487
7.662585034013605,629.4933,0.3290873169898987
7.665487528344671,629.4933,0.32975924015045166
7.668390022675737,629.4933,0.33707866072654724
7.671292517006803,629.4933,0.34411317110061646
7.6741950113378685,629.4933,0.35138943791389465
7.677097505668934,629.4933,0.3583945333957672
7.68,629.4933,0.3602014482021332
7.682902494331066,629.4933,0.3607548773288727
7.685804988662132,629.4933,0.36403968930244446
7.688707482993197,629.4933,0.3665344715118408
7.691609977324263,629.4933,0.3631746172904968
7.694512471655329,629.4933,0.3586044907569885
7.697414965986394,629.4933,0.35026007890701294
7.700317460317461,625.8676,0.3398788273334503
7.703219954648526,625.8676,0.33244264125823975
7.706122448979592,625.8676,0.32780924439430237
7.7090249433106575,625.8676,0.3149805963039398
7.711927437641723,625.8676,0.2982563376426697
7.7148299319727895,625.8676,0.283191978931427
7.717732426303855,629.4933,0.2711271643638611
7.720634920634921,629.4933,0.2557007372379303
7.723537414965986,625.8676,0.2545524835586548
7.726439909297052,625.8676,0.2549167275428772
7.7293424036281175,629.4933,0.26179906725883484
7.732244897959184,629.4933,0.27812460064888
7.73514739229025,629.4933,0.2941884994506836
7.738049886621315,629.4933,0.3019731640815735
7.740952380952381,633.1399,0.31246238946914673
7.743854875283446,625.8676,0.3276442885398865
7.746757369614513,618.67896,0.3250693380832672
7.7496598639455785,618.67896,0.3233809173107147
7.752562358276644,622.2629,0.31072062253952026
7.75546485260771,622.2629,0.2917414605617523
7.758367346938775,622.2629,0.2826683521270752
7.761269841269841,625.8676,0.2771691679954529
7.764172335600907,625.8676,0.26094579696655273
7.767074829931973,625.8676,0.247354194521904
7.7699773242630386,625.8676,0.2472509741783142
7.772879818594104,629.4933,0.25144827365875244
7.77578231292517,625.8676,0.25768283009529114
7.778684807256236,625.8676,0.2692757546901703
7.781587301587302,629.4933,0.27458369731903076
7.784489795918367,629.4933,0.27986061573028564
7.787392290249433,629.4933,0.2943728566169739
7.790294784580499,629.4933,0.3039814829826355
7.793197278911564,629.4933,0.3082776367664337
7.796099773242631,629.4933,0.3114732801914215
7.799002267573696,625.8676,0.31314191222190857
7.801904761904762,629.4933,0.3178666830062866
7.8048072562358275,629.4933,0.3223210275173187
7.807709750566893,629.4933,0.3232925832271576
7.81061224489796,629.4933,0.32359543442726135
7.813514739229025,629.4933,0.31713640689849854
7.816417233560091,629.4933,0.31373634934425354
7.819319727891156,629.4933,0.3071284592151642
7.822222222222222,629.4933,0.3004020154476166
7.825124716553288,625.8676,0.2939126789569855
7.828027210884354,629.4933,0.28670117259025574
7.83092970521542,629.4933,0.28439876437187195
7.833832199546485,629.4933,0.28086379170417786
7.836734693877551,629.4933,0.28472140431404114
7.839637188208616,629.4933,0.29095420241355896
7.842539682539683,629.4933,0.2974434196949005
7.8454421768707485,629.4933,0.3041992783546448
7.848344671201814,629.4933,0.30803096294403076
7.85124716553288,629.4933,0.314328670501709
7.854149659863945,629.4933,0.32023897767066956
7.857052154195011,629.4933,0.3276503384113312
7.859954648526077,629.4933,0.3299010992050171
7.862857142857143,629.4933,0.3324181139469147
7.865759637188209,629.4933,0.3322458863258362
7.868662131519274,629.4933,0.33472979068756104
7.87156462585034,629.4933,0.33801552653312683
7.874467120181406,629.4933,0.3412534296512604
7.877369614512472,629.4933,0.3451594412326813
7.8802721088435375,629.4933,0.34795883297920227
7.883174603174603,629.4933,0.3528178036212921
7.886077097505669,629.4933,0.3541635572910309
7.888979591836734,629.4933,0.3568670153617859
7.891882086167801,629.4933,0.3572317063808441
7.894784580498866,629.4933,0.3604864180088043
7.897687074829932,629.4933,0.3598124384880066
7.9005895691609975,629.4933,0.3574274182319641
7.903492063492063,629.4933,0.3573484420776367
7.90639455782313,629.4933,0.36284515261650085
7.909297052154195,629.4933,0.3510473668575287
7.912199546485261,629.4933,0.33990347385406494
7.915102040816326,629.4933,0.3280268907546997
7.918004535147392,625.8676,0.3061612844467163
7.9209070294784585,629.4933,0.2847694158554077
7.923809523809524,629.4933,0.2673300504684448
7.92671201814059,0.0,0.24224115908145905
7.929614512471655,0.0,0.20659218728542328
7.932517006802721,0.0,0.19633860886096954
7.9354195011337865,0.0,0.18229977786540985
7.938321995464853,0.0,0.17706221342086792
7.9412244897959186,0.0,0.18506985902786255
7.944126984126984,0.0,0.18549729883670807
7.94702947845805,0.0,0.1881391853094101
7.949931972789115,564.0631,0.18926776945590973
7.952834467120182,560.81433,0.1897558718919754
7.955736961451247,560.81433,0.1933242380619049
7.958639455782313,560.81433,0.19300147891044617
7.961541950113379,560.81433,0.19113285839557648
7.964444444444444,557.5843,0.1863677054643631
7.96734693877551,554.3728,0.1866753101348877
7.970249433106576,557.5843,0.1857641637325287
7.973151927437642,560.81433,0.18392346799373627
7.9760544217687075,560.81433,0.18111950159072876
7.978956916099773,560.81433,0.18507789075374603
7.981859410430839,560.81433,0.18275250494480133
7.984761904761905,560.81433,0.1810530126094818
7.987664399092971,560.81433,0.17756307125091553
7.990566893424036,564.0631,0.17418384552001953
7.993469387755102,560.81433,0.1700505018234253
7.996371882086168,557.5843,0.1700974851846695
7.999274376417233,557.5843,0.16990409791469574
8.002176870748299,557.5843,0.1658180058002472
8.005079365079364,557.5843,0.1716596931219101
8.007981859410432,557.5843,0.17911304533481598
8.010884353741497,557.5843,0.18470971286296844
8.013786848072563,557.5843,0.19520503282546997
8.016689342403629,560.81433,0.19578035175800323
8.019591836734694,560.81433,0.19632411003112793
8.02249433106576,560.81433,0.1966729760169983
8.025396825396825,560.81433,0.19422557950019836
8.028299319727891,557.5843,0.19949640333652496
8.031201814058957,557.5843,0.19304993748664856
8.034104308390022,557.5843,0.1946246474981308
8.037006802721088,557.5843,0.1884137988090515
8.039909297052155,557.5843,0.19578276574611664
8.04281179138322,557.5843,0.20222468674182892
8.045714285714286,557.5843,0.20256109535694122
8.048616780045352,557.5843,0.20829732716083527
8.051519274376417,560.81433,0.20859451591968536
8.054421768707483,560.81433,0.21420952677726746
8.057324263038549,560.81433,0.21580557525157928
8.060226757369614,560.81433,0.21571820974349976
8.06312925170068,560.81433,0.2129092663526535
8.066031746031745,560.81433,0.21043774485588074
8.068934240362811,557.5843,0.21698875725269318
8.071836734693878,557.5843,0.21917235851287842
8.074739229024944,557.5843,0.22233526408672333
8.07764172335601,557.5843,0.22325710952281952
8.080544217687075,557.5843,0.22415781021118164
8.08344671201814,557.5843,0.22675977647304535
8.086349206349206,557.5843,0.22738900780677795
8.089251700680272,560.81433,0.2274320274591446
8.092154195011338,560.81433,0.2213292419910431
8.095056689342403,560.81433,0.21621625125408173
8.097959183673469,560.81433,0.2132570892572403
8.100861678004534,557.5843,0.2121538370847702
8.103764172335602,557.5843,0.20704057812690735
8.106666666666667,557.5843,0.2060730755329132
8.109569160997733,557.5843,0.2088768631219864
8.112471655328799,554.3728,0.21350684762001038
8.115374149659864,557.5843,0.2215837687253952
8.11827664399093,557.5843,0.22451967000961304
8.121179138321995,560.81433,0.22579807043075562
8.124081632653061,560.81433,0.2323644459247589
8.126984126984127,560.81433,0.2316039353609085
8.129886621315192,560.81433,0.23549199104309082
8.132789115646258,560.81433,0.23538337647914886
8.135691609977325,560.81433,0.24221672117710114
8.13859410430839,557.5843,0.24295774102210999
8.141496598639456,551.1799,0.24757020175457
8.144399092970522,548.0053,0.2565152049064636
8.147301587301587,544.849,0.25074705481529236
8.150204081632653,541.7109,0.2663610875606537
8.153106575963719,541.7109,0.27371546626091003
8.156009070294784,554.3728,0.2734619677066803
8.15891156462585,538.5908,0.26393774151802063
8.161814058956915,535.4888,0.2628704607486725
8.164716553287981,532.40454,0.256875216960907
8.167619047619048,548.0053,0.24487102031707764
8.170521541950114,538.5908,0.24375370144844055
8.17342403628118,538.5908,0.23455892503261566
8.176326530612245,538.5908,0.22416254878044128
8.17922902494331,532.40454,0.2182481288909912
8.182131519274376,532.40454,0.21377098560333252
8.185034013605442,532.40454,0.21692827343940735
8.187936507936508,529.33813,0.22657281160354614
8.190839002267573,526.28937,0.2305237352848053
8.193741496598639,526.28937,0.23530513048171997
8.196643990929704,532.40454,0.22999036312103271
8.199546485260772,535.4888,0.2270752489566803
8.202448979591837,538.5908,0.22581404447555542
8.205351473922903,538.5908,0.22967374324798584
8.208253968253969,529.33813,0.2261282205581665
8.211156462585034,529.33813,0.2203633040189743
8.2140589569161,532.40454,0.21234740316867828
8.216961451247165,532.40454,0.2084413468837738
8.219863945578231,529.33813,0.2109227329492569
8.222766439909297,529.33813,0.21907250583171844
8.225668934240362,529.33813,0.23660211265087128
8.228571428571428,526.28937,0.23807740211486816
8.231473922902495,529.33813,0.23427200317382812
8.23437641723356,532.40454,0.23184652626514435
8.237278911564626,532.40454,0.2345493584871292
8.240181405895692,529.33813,0.23328523337841034
8.243083900226758,529.33813,0.2328680157661438
8.245986394557823,526.28937,0.23086491227149963
8.248888888888889,529.33813,0.2150641828775406
8.251791383219954,532.40454,0.20705534517765045
8.25469387755102,532.40454,0.2027444839477539
8.257596371882086,532.40454,0.19807635247707367
8.260498866213151,529.33813,0.19810201227664948
8.263401360544218,529.33813,0.19397957623004913
8.266303854875284,529.33813,0.18465900421142578
8.26920634920635,529.33813,0.1753385066986084
8.272108843537415,532.40454,0.17102663218975067
8.27501133786848,529.33813,0.1686696857213974
8.277913832199546,529.33813,0.1735457479953766
8.280816326530612,529.33813,0.17870065569877625
8.283718820861678,532.40454,0.18411436676979065
8.286621315192743,535.4888,0.1853199154138565
8.289523809523809,532.40454,0.19345727562904358
8.292426303854874,532.40454,0.203067347407341
8.295328798185942,529.33813,0.22557686269283295
8.298231292517007,529.33813,0.22716189920902252
8.301133786848073,532.40454,0.23898644745349884
8.304036281179139,532.40454,0.2376292198896408
8.306938775510204,532.40454,0.23150619864463806
8.30984126984127,532.40454,0.23183298110961914
8.312743764172335,0.0,0.22957517206668854
8.315646258503401,0.0,0.2318558245897293
8.318548752834467,0.0,0.21624931693077087
8.321451247165532,0.0,0.24073830246925354
8.324353741496598,0.0,0.24258926510810852
8.327256235827665,0.0,0.24557915329933167
8.33015873015873,633.1399,0.2566892206668854
8.333061224489796,633.1399,0.26569294929504395
8.335963718820862,629.4933,0.27207204699516296
8.338866213151928,629.4933,0.27422189712524414
8.341768707482993,633.1399,0.2859298288822174
8.344671201814059,633.1399,0.28470608592033386
8.347573696145124,629.4933,0.28698423504829407
8.35047619047619,629.4933,0.30000802874565125
8.353378684807256,629.4933,0.3093862533569336
8.356281179138321,629.4933,0.31257641315460205
8.359183673469389,629.4933,0.32903510332107544
8.362086167800454,629.4933,0.33783337473869324
8.36498866213152,629.4933,0.34323543310165405
8.367891156462585,629.4933,0.35243818163871765
8.370793650793651,629.4933,0.3491027355194092
8.373696145124716,629.4933,0.35079845786094666
8.376598639455782,629.4933,0.345581591129303
8.379501133786848,629.4933,0.35152357816696167
8.382403628117913,629.4933,0.3465979993343353
8.385306122448979,629.4933,0.34321674704551697
8.388208616780044,629.4933,0.34077706933021545
8.391111111111112,629.4933,0.33116018772125244
8.394013605442177,629.4933,0.33241379261016846
8.396916099773243,629.4933,0.32805755734443665
8.399818594104309,629.4933,0.32939058542251587
8.402721088435374,629.4933,0.3240037262439728
8.40562358276644,629.4933,0.3230881989002228
8.408526077097505,629.4933,0.3249584138393402
8.411428571428571,629.4933,0.32406431436538696
8.414331065759637,629.4933,0.3253285884857178
8.417233560090702,629.4933,0.3286142945289612
8.420136054421768,629.4933,0.3288101255893707
8.423038548752835,629.4933,0.3285479247570038
8.4259410430839,629.4933,0.3277117908000946
8.428843537414966,629.4933,0.3283251225948334
8.431746031746032,629.4933,0.32730400562286377
8.434648526077098,629.4933,0.33366164565086365
8.437551020408163,629.4933,0.3332888185977936
8.440453514739229,629.4933,0.33302709460258484
8.443356009070294,629.4933,0.3385653495788574
8.44625850340136,629.4933,0.34111353754997253
8.449160997732426,629.4933,0.3462543189525604
8.452063492063493,629.4933,0.3429301083087921
8.454965986394559,629.4933,0.3429891765117645
8.457868480725624,629.4933,0.3381822109222412
8.46077097505669,629.4933,0.34029677510261536
8.463673469387755,629.4933,0.3445413410663605
8.466575963718821,629.4933,0.33996957540512085
8.469478458049887,629.4933,0.33760273456573486
8.472380952380952,629.4933,0.33426058292388916
8.475283446712018,629.4933,0.3324245810508728
8.478185941043083,629.4933,0.3292403817176819
8.481088435374149,633.1399,0.32917264103889465
8.483990929705216,633.1399,0.3253435790538788
8.486893424036282,633.1399,0.31860077381134033
8.489795918367347,633.1399,0.3157987594604492
8.492698412698413,633.1399,0.3111777901649475
8.495600907029479,633.1399,0.31050461530685425
8.498503401360544,633.1399,0.31304922699928284
8.50140589569161,633.1399,0.3148708641529083
8.504308390022675,633.1399,0.31424129009246826
8.507210884353741,633.1399,0.315573513507843
8.510113378684807,633.1399,0.3194754123687744
8.513015873015872,633.1399,0.32661736011505127
8.51591836734694,633.1399,0.3354654610157013
8.518820861678005,633.1399,0.34356632828712463
8.52172335600907,633.1399,0.3480404317378998
8.524625850340136,633.1399,0.35157981514930725
8.527528344671202,633.1399,0.3517570197582245
8.530430839002268,633.1399,0.3501964509487152
8.533333333333333,629.4933,0.35424768924713135
8.536235827664399,629.4933,0.3617627024650574
8.539138321995464,629.4933,0.3584795296192169
8.54204081632653,629.4933,0.3479955494403839
8.544943310657596,633.1399,0.33249399065971375
8.547845804988663,629.4933,0.31620797514915466
8.550748299319729,629.4933,0.299768328666687
8.553650793650794,629.4933,0.28577563166618347
8.55655328798186,629.4933,0.26014193892478943
8.559455782312925,0.0,0.23287902772426605
8.562358276643991,0.0,0.21234682202339172
8.565260770975057,0.0,0.200504869222641
8.568163265306122,0.0,0.20136314630508423
8.571065759637188,0.0,0.2037631720304489
8.573968253968253,0.0,0.2092847377061844
8.576870748299319,0.0,0.21320787072181702
8.579773242630386,0.0,0.2200354039669037
8.582675736961452,0.0,0.21496343612670898
8.585578231292518,0.0,0.22087518870830536
8.588480725623583,0.0,0.22162170708179474
8.591383219954649,0.0,0.22302910685539246
8.594285714285714,0.0,0.22060060501098633
8.59718820861678,0.0,0.21809859573841095
8.600090702947846,0.0,0.22350291907787323
8.602993197278911,0.0,0.21971085667610168
8.605895691609977,0.0,0.22491756081581116
8.608798185941042,0.0,0.2231135219335556
8.61170068027211,0.0,0.22482465207576752
8.614603174603175,0.0,0.22670568525791168
8.61750566893424,0.0,0.22698910534381866
8.620408163265306,0.0,0.22738273441791534
8.623310657596372,0.0,0.2224699854850769
8.626213151927438,0.0,0.2291773110628128
8.629115646258503,0.0,0.22469818592071533
8.632018140589569,0.0,0.22144481539726257
8.634920634920634,0.0,0.21991066634655
8.6378231292517,0.0,0.21664415299892426
8.640725623582766,0.0,0.21927796304225922
8.643628117913833,0.0,0.2184821367263794
8.646530612244899,0.0,0.216657355427742
8.649433106575964,0.0,0.20998190343379974
8.65233560090703,0.0,0.21080298721790314
8.655238095238095,0.0,0.21507009863853455
8.658140589569161,0.0,0.21499870717525482
8.661043083900227,0.0,0.21281351149082184
8.663945578231292,0.0,0.2071140855550766
8.666848072562358,0.0,0.2026830017566681
8.669750566893423,0.0,0.19565391540527344
8.672653061224489,0.0,0.1922796666622162
8.675555555555556,0.0,0.18212784826755524
8.678458049886622,0.0,0.173648864030838
8.681360544217688,0.0,0.17343305051326752
8.684263038548753,0.0,0.16473792493343353
8.687165532879819,0.0,0.1704050749540329
8.690068027210884,0.0,0.1796654462814331
8.69297052154195,0.0,0.17884355783462524
8.695873015873016,0.0,0.1915496438741684
8.698775510204081,0.0,0.19693177938461304
8.701678004535147,0.0,0.22105160355567932
8.704580498866212,0.0,0.22915227711200714
8.70748299319728,0.0,0.23847322165966034
8.710385487528345,0.0,0.23607024550437927
8.713287981859411,0.0,0.2317347377538681
8.716190476190476,0.0,0.23855021595954895
8.719092970521542,0.0,0.24469123780727386
8.721995464852608,0.0,0.25228074193000793
8.724897959183673,0.0,0.2360345870256424
8.727800453514739,0.0,0.22777746617794037
8.730702947845804,0.0,0.226260706782341
8.73360544217687,0.0,0.22693172097206116
8.736507936507936,0.0,0.22311238944530487
8.739410430839003,0.0,0.22682881355285645
8.742312925170069,0.0,0.21444885432720184
8.745215419501134,0.0,0.20346015691757202
8.7481179138322,0.0,0.1968899965286255
8.751020408163265,0.0,0.19655907154083252
8.753922902494331,0.0,0.19716811180114746
8.756825396825397,0.0,0.20617951452732086
8.759727891156462,0.0,0.21135589480400085
8.762630385487528,0.0,0.2128712385892868
8.765532879818593,0.0,0.21299844980239868
8.768435374149659,0.0,0.2109435796737671
8.771337868480726,0.0,0.21031974256038666
8.774240362811792,0.0,0.21312205493450165
8.777142857142858,0.0,0.21455876529216766
8.780045351473923,0.0,0.2068433314561844
8.782947845804989,0.0,0.20026342570781708
8.785850340136054,0.0,0.1906491070985794
8.78875283446712,0.0,0.1971171498298645
8.791655328798186,0.0,0.20588843524456024
8.794557823129251,0.0,0.21195146441459656
8.797460317460317,0.0,0.2126244306564331
8.800362811791382,0.0,0.21514034271240234
8.80326530612245,0.0,0.21696090698242188
8.806167800453515,0.0,0.2223246991634369
8.809070294784581,0.0,0.2259998917579651
8.811972789115647,0.0,0.23390460014343262
8.814875283446712,0.0,0.23847635090351105
8.817777777777778,0.0,0.23863260447978973
8.820680272108843,0.0,0.23503434658050537
8.823582766439909,0.0,0.23810939490795135
8.826485260770975,0.0,0.2410115748643875
8.82938775510204,0.0,0.24133692681789398
8.832290249433106,0.0,0.24042482674121857
8.835192743764173,0.0,0.22641849517822266
8.838095238095239,0.0,0.21861067414283752
8.840997732426304,0.0,0.21524658799171448
8.84390022675737,0.0,0.22014862298965454
8.846802721088435,0.0,0.21177217364311218
8.849705215419501,0.0,0.21304713189601898
8.852607709750567,0.0,0.2088100165128708
8.855510204081632,0.0,0.20084965229034424
8.858412698412698,0.0,0.1970278024673462
8.861315192743763,0.0,0.1951276659965515
8.864217687074829,0.0,0.19573143124580383
8.867120181405896,0.0,0.18495140969753265
8.870022675736962,0.0,0.18057578802108765
8.872925170068028,0.0,0.17927145957946777
8.875827664399093,0.0,0.19947615265846252
8.878730158730159,0.0,0.21594448387622833
8.881632653061224,0.0,0.21801121532917023
8.88453514739229,0.0,0.22443875670433044
8.887437641723356,0.0,0.23320963978767395
8.890340136054421,0.0,0.24506092071533203
8.893242630385487,0.0,0.25264349579811096
8.896145124716554,0.0,0.24856701493263245
8.89904761904762,0.0,0.23484370112419128
8.901950113378685,0.0,0.22483910620212555
8.904852607709751,0.0,0.2279362678527832
8.907755102040817,0.0,0.22639191150665283
8.910657596371882,0.0,0.22634419798851013
8.913560090702948,0.0,0.2206532210111618
8.916462585034013,0.0,0.2235180288553238
8.919365079365079,0.0,0.2339530736207962
8.922267573696145,0.0,0.24592722952365875
8.92517006802721,0.0,0.25754138827323914
8.928072562358278,0.0,0.2602510452270508
8.930975056689343,0.0,0.2557317316532135
8.933877551020409,0.0,0.25384464859962463
8.936780045351474,0.0,0.25748640298843384
8.93968253968254,0.0,0.24760720133781433
8.942585034013605,0.0,0.23967203497886658
8.945487528344671,0.0,0.23724471032619476
8.948390022675737,0.0,0.22817263007164001
8.951292517006802,0.0,0.22229379415512085
8.954195011337868,0.0,0.22086791694164276
8.957097505668933,0.0,0.21176905930042267
8.96,0.0,0.20570021867752075
8.962902494331066,0.0,0.20635250210762024
8.965804988662132,0.0,0.20049548149108887
8.968707482993198,0.0,0.19502322375774384
8.971609977324263,0.0,0.1902248114347458
8.974512471655329,0.0,0.1884918361902237
8.977414965986394,0.0,0.19271785020828247
8.98031746031746,0.0,0.19151952862739563
8.983219954648526,0.0,0.19145110249519348
8.986122448979591,0.0,0.18931648135185242
8.989024943310657,0.0,0.1874026358127594
8.991927437641724,0.0,0.17773817479610443
8.99482993197279,0.0,0.1732439249753952
8.997732426303855,0.0,0.17214389145374298
9.000634920634921,0.0,0.169038787484169
9.003537414965987,0.0,0.17381541430950165
9.006439909297052,0.0,0.1742091178894043
9.009342403628118,0.0,0.1691364049911499
9.012244897959183,0.0,0.17288537323474884
9.015147392290249,0.0,0.1778896450996399
9.018049886621315,0.0,0.1814824640750885
9.02095238095238,0.0,0.18465641140937805
9.023854875283448,0.0,0.17819876968860626
9.026757369614513,0.0,0.17312508821487427
9.029659863945579,0.0,0.16848811507225037
9.032562358276644,0.0,0.1725596785545349
9.03546485260771,0.0,0.17037741839885712
9.038367346938776,0.0,0.17704987525939941
9.041269841269841,0.0,0.17593629658222198
9.044172335600907,0.0,0.17812480032444
9.047074829931972,0.0,0.18680304288864136
9.049977324263038,0.0,0.1890476793050766
9.052879818594104,0.0,0.19511282444000244
9.05578231292517,0.0,0.19417256116867065
9.058684807256236,0.0,0.19353871047496796
9.061587301587302,0.0,0.18672412633895874
9.064489795918368,0.0,0.18472889065742493
9.067392290249433,0.0,0.18286991119384766
9.070294784580499,0.0,0.1815769374370575
9.073197278911564,0.0,0.18722441792488098
9.07609977324263,0.0,0.18710927665233612
9.079002267573696,0.0,0.1993979662656784
9.081904761904761,0.0,0.2150811105966568
9.084807256235827,0.0,0.22558149695396423
9.087709750566894,0.0,0.24758502840995789
9.09061224489796,0.0,0.263396680355072
9.093514739229025,0.0,0.2681087553501129
9.096417233560091,0.0,0.26564833521842957
9.099319727891157,0.0,0.26290979981422424
9.102222222222222,0.0,0.2593204379081726
9.105124716553288,0.0,0.24734152853488922
9.108027210884353,0.0,0.23756679892539978
9.110929705215419,0.0,0.21228860318660736
9.113832199546485,0.0,0.18517223000526428
9.11673469387755,0.0,0.16936786472797394
9.119637188208618,0.0,0.16075953841209412
9.122539682539683,0.0,0.15013252198696136
9.125442176870749,0.0,0.14005638659000397
9.128344671201814,0.0,0.1336444467306137
9.13124716553288,0.0,0.13436058163642883
9.134149659863946,0.0,0.1377585530281067
9.137052154195011,0.0,0.1353202760219574
9.139954648526077,0.0,0.14178425073623657
9.142857142857142,0.0,0.14524877071380615
9.145759637188208,0.0,0.15471228957176208
9.148662131519274,0.0,0.15405146777629852
9.151564625850341,0.0,0.1538255214691162
9.154467120181407,0.0,0.1462021768093109
9.157369614512472,0.0,0.14234067499637604
9.160272108843538,0.0,0.14581477642059326
9.163174603174603,0.0,0.1427578181028366
9.166077097505669,0.0,0.15058769285678864
9.168979591836734,0.0,0.15020602941513062
9.1718820861678,0.0,0.15680675208568573
9.174784580498866,0.0,0.17431454360485077
9.177687074829931,0.0,0.19379550218582153
9.180589569160997,0.0,0.21643853187561035
9.183492063492064,0.0,0.23136186599731445
9.18639455782313,0.0,0.24424192309379578
9.189297052154195,0.0,0.24643340706825256
9.192199546485261,0.0,0.2504509687423706
9.195102040816327,0.0,0.24866892397403717
9.198004535147392,0.0,0.24478541314601898
9.200907029478458,0.0,0.2345227301120758
9.203809523809523,0.0,0.22172130644321442
9.206712018140589,0.0,0.21393701434135437
9.209614512471655,0.0,0.20877967774868011
9.21251700680272,0.0,0.2080821990966797
9.215419501133788,0.0,0.2053254097700119
9.218321995464853,0.0,0.20168156921863556
9.221224489795919,0.0,0.19293193519115448
9.224126984126984,0.0,0.19079214334487915
9.22702947845805,0.0,0.18484850227832794
9.229931972789116,0.0,0.17445896565914154
9.232834467120181,0.0,0.166305810213089
9.235736961451247,0.0,0.15284714102745056
9.238639455782312,0.0,0.1444154679775238
9.241541950113378,0.0,0.143245667219162
9.244444444444444,0.0,0.14607948064804077
9.247346938775511,0.0,0.1421443521976471
9.250249433106577,0.0,0.14175035059452057
9.253151927437642,0.0,0.1519060730934143
9.256054421768708,0.0,0.14699693024158478
9.258956916099773,0.0,0.15949107706546783
9.261859410430839,0.0,0.1654902994632721
9.264761904761905,0.0,0.1661260575056076
9.26766439909297,0.0,0.1686543971300125
9.270566893424036,0.0,0.16851253807544708
9.273469387755101,0.0,0.16698908805847168
9.276371882086167,0.0,0.1586672067642212
9.279274376417234,0.0,0.15987303853034973
9.2821768707483,0.0,0.17846548557281494
9.285079365079365,0.0,0.18358734250068665
9.287981859410431,0.0,0.20601215958595276
9.290884353741497,0.0,0.21523363888263702
9.293786848072562,0.0,0.22901201248168945
9.296689342403628,0.0,0.24968411028385162
9.299591836734693,0.0,0.26702234148979187
9.302494331065759,0.0,0.2813926637172699
9.305396825396825,0.0,0.2795493006706238
9.308299319727892,0.0,0.2816947102546692
9.311201814058958,0.0,0.27774208784103394
9.314104308390023,0.0,0.2814025580883026
9.317006802721089,0.0,0.28060004115104675
9.319909297052154,0.0,0.26983124017715454
9.32281179138322,0.0,0.26177194714546204
9.325714285714286,0.0,0.2563565969467163
9.328616780045351,0.0,0.2599411904811859
9.331519274376417,0.0,0.26324647665023804
9.334421768707482,0.0,0.2580862045288086
9.337324263038548,0.0,0.25295910239219666
9.340226757369615,0.0,0.24850277602672577
9.343129251700681,0.0,0.24304454028606415
9.346031746031747,0.0,0.23488084971904755
9.348934240362812,0.0,0.22535239160060883
9.351836734693878,0.0,0.20418135821819305
9.354739229024943,0.0,0.18987098336219788
9.357641723356009,0.0,0.1807921677827835
9.360544217687075,0.0,0.17152079939842224
9.36344671201814,0.0,0.1685837060213089
9.366349206349206,0.0,0.16644375026226044
9.369251700680271,0.0,0.17566253244876862
9.372154195011339,0.0,0.17567291855812073
9.375056689342404,0.0,0.17600424587726593
9.37795918367347,0.0,0.17835824191570282
9.380861678004536,0.0,0.1782362163066864
9.383764172335601,0.0,0.1749914586544037
9.386666666666667,0.0,0.1679590344429016
9.389569160997732,0.0,0.17121785879135132
9.392471655328798,0.0,0.16087757050991058
9.395374149659864,0.0,0.16675685346126556
9.398276643990929,0.0,0.17195524275302887
9.401179138321995,0.0,0.16698302328586578
9.404081632653062,0.0,0.17367921769618988
9.406984126984128,0.0,0.17407803237438202
9.409886621315193,0.0,0.17966604232788086
9.412789115646259,0.0,0.17687253654003143
9.415691609977324,0.0,0.17541031539440155
9.41859410430839,0.0,0.17300723493099213
9.421496598639456,0.0,0.16542281210422516
9.424399092970521,0.0,0.17183317244052887
9.427301587301587,0.0,0.17188094556331635
9.430204081632652,0.0,0.17731626331806183
9.433106575963718,0.0,0.1790129393339157
9.436009070294785,0.0,0.17845802009105682
9.438911564625851,0.0,0.18768750131130219
9.441814058956917,0.0,0.18601347506046295
9.444716553287982,0.0,0.18722659349441528
9.447619047619048,0.0,0.18364794552326202
9.450521541950113,0.0,0.17726217210292816
9.453424036281179,0.0,0.17058181762695312
9.456326530612245,0.0,0.1676921397447586
9.45922902494331,0.0,0.1683780699968338
9.462131519274376,0.0,0.1644277125597
9.465034013605441,0.0,0.17225806415081024
9.467936507936509,0.0,0.1721295863389969
9.470839002267574,0.0,0.17568279802799225
9.47374149659864,0.0,0.17875543236732483
9.476643990929706,0.0,0.18086181581020355
9.479546485260771,0.0,0.1848362386226654
9.482448979591837,0.0,0.1821734458208084
9.485351473922902,0.0,0.1839706003665924
9.488253968253968,0.0,0.19650258123874664
9.491156462585034,0.0,0.21037761867046356
9.4940589569161,0.0,0.2112896740436554
9.496961451247165,0.0,0.2175239473581314
9.499863945578232,0.0,0.221190944314003
9.502766439909298,0.0,0.22346490621566772
9.505668934240363,0.0,0.23587195575237274
9.508571428571429,0.0,0.24554568529129028
9.511473922902494,0.0,0.23701640963554382
9.51437641723356,0.0,0.23294997215270996
9.517278911564626,0.0,0.23148955404758453
9.520181405895691,0.0,0.22736738622188568
9.523083900226757,0.0,0.2255444973707199
9.525986394557822,0.0,0.22840189933776855
9.528888888888888,0.0,0.22619390487670898
9.531791383219955,0.0,0.2143382877111435
9.534693877551021,0.0,0.20617185533046722
9.537596371882087,0.0,0.19881542026996613
9.540498866213152,0.0,0.20156905055046082
9.543401360544218,0.0,0.21093784272670746
9.546303854875283,0.0,0.21349290013313293
9.549206349206349,0.0,0.2122737616300583
9.552108843537415,0.0,0.20677240192890167
9.55501133786848,0.0,0.20442113280296326
9.557913832199546,0.0,0.2039802521467209
9.560816326530611,0.0,0.20755738019943237
9.563718820861679,0.0,0.20275889337062836
9.566621315192744,0.0,0.19456008076667786
9.56952380952381,0.0,0.19141905009746552
9.572426303854876,0.0,0.1802019476890564
9.575328798185941,0.0,0.17966632544994354
9.578231292517007,0.0,0.18892337381839752
9.581133786848072,0.0,0.1974117010831833
9.584036281179138,0.0,0.19895599782466888
9.586938775510204,0.0,0.20968838036060333
9.58984126984127,0.0,0.2135814130306244
9.592743764172335,0.0,0.2214490920305252
9.595646258503402,0.0,0.22965693473815918
9.598548752834468,0.0,0.23532259464263916
9.601451247165533,0.0,0.2325591892004013
9.604353741496599,0.0,0.23394019901752472
9.607256235827665,0.0,0.23392462730407715
9.61015873015873,0.0,0.2281205654144287
9.613061224489796,0.0,0.22610975801944733
9.615963718820861,0.0,0.229705810546875
9.618866213151927,0.0,0.2314292937517166
9.621768707482993,0.0,0.23103033006191254
9.624671201814058,0.0,0.23634105920791626
9.627573696145125,0.0,0.23526450991630554
9.630476190476191,0.0,0.23781047761440277
9.633378684807257,0.0,0.2443806380033493
9.636281179138322,0.0,0.24949657917022705
9.639183673469388,0.0,0.24286045134067535
9.642086167800453,0.0,0.24405024945735931
9.644988662131519,0.0,0.2415289580821991
9.647891156462585,0.0,0.23839037120342255
9.65079365079365,0.0,0.2404407262802124
9.653696145124716,0.0,0.24602331221103668
9.656598639455781,0.0,0.24098335206508636
9.659501133786849,0.0,0.23929785192012787
9.662403628117914,0.0,0.23973479866981506
9.66530612244898,0.0,0.23866543173789978
9.668208616780046,0.0,0.2397645115852356
9.671111111111111,0.0,0.24090972542762756
9.674013605442177,0.0,0.24000810086727142
9.676916099773242,0.0,0.23888078331947327
9.679818594104308,0.0,0.239618718624115
9.682721088435374,0.0,0.23703360557556152
9.68562358276644,0.0,0.24116434156894684
9.688526077097505,0.0,0.2402486652135849
9.691428571428572,0.0,0.24557840824127197
9.694331065759638,0.0,0.2478923201560974
9.697233560090703,0.0,0.24854804575443268
9.700136054421769,0.0,0.24615570902824402
9.703038548752835,0.0,0.2537696361541748
9.7059410430839,0.0,0.26113012433052063
9.708843537414966,0.0,0.2601362466812134
9.711746031746031,0.0,0.2623150050640106
9.714648526077097,0.0,0.2560131549835205
9.717551020408163,0.0,0.2528969645500183
9.720453514739228,0.0,0.255946546792984
9.723356009070296,0.0,0.26389414072036743
9.726258503401361,0.0,0.2573572099208832
9.729160997732427,0.0,0.25733327865600586
9.732063492063492,0.0,0.2532375156879425
9.734965986394558,0.0,0.24706710875034332
9.737868480725623,0.0,0.24736471474170685
9.740770975056689,0.0,0.2509695291519165
9.743673469387755,0.0,0.2388244867324829
9.74657596371882,0.0,0.21989448368549347
9.749478458049886,0.0,0.21402093768119812
9.752380952380953,0.0,0.1974625140428543
9.755283446712019,0.0,0.1922101080417633
9.758185941043084,0.0,0.20166732370853424
9.76108843537415,0.0,0.20233960449695587
9.763990929705216,0.0,0.19334767758846283
9.766893424036281,0.0,0.20359696447849274
9.769795918367347,471.58633,0.2160404622554779
9.772698412698412,474.3182,0.21732570230960846
9.775600907029478,474.3182,0.22295719385147095
9.778503401360544,474.3182,0.22548508644104004
9.78140589569161,474.3182,0.22379760444164276
9.784308390022677,474.3182,0.22184023261070251
9.787210884353742,477.0659,0.23501746356487274
9.790113378684808,477.0659,0.24095606803894043
9.793015873015873,474.3182,0.24754488468170166
9.795918367346939,474.3182,0.26351064443588257
9.798820861678005,474.3182,0.2742990553379059
9.80172335600907,474.3182,0.2864724397659302
9.804625850340136,474.3182,0.2969958186149597
9.807528344671201,474.3182,0.31637924909591675
9.810430839002267,474.3182,0.3247770071029663
9.813333333333333,474.3182,0.3363153636455536
9.8162358276644,474.3182,0.34151577949523926
9.819138321995466,474.3182,0.3445335924625397
9.822040816326531,474.3182,0.34838247299194336
9.824943310657597,474.3182,0.35379141569137573
9.827845804988662,477.0659,0.34871330857276917
9.830748299319728,477.0659,0.3433869481086731
9.833650793650794,474.3182,0.33553004264831543
9.83655328798186,474.3182,0.32257914543151855
9.839455782312925,474.3182,0.31339019536972046
9.84235827664399,474.3182,0.31150904297828674
9.845260770975056,477.0659,0.3086668848991394
9.848163265306123,477.0659,0.30666258931159973
9.851065759637189,474.3182,0.307595431804657
9.853968253968254,474.3182,0.30237075686454773
9.85687074829932,474.3182,0.30012133717536926
9.859773242630386,474.3182,0.3004108965396881
9.862675736961451,474.3182,0.3016603887081146
9.865578231292517,477.0659,0.2957919239997864
9.868480725623582,477.0659,0.28935185074806213
9.871383219954648,477.0659,0.2761476933956146
9.874285714285714,477.0659,0.2768375873565674
9.87718820861678,477.0659,0.26857003569602966
9.880090702947847,477.0659,0.26155704259872437
9.882993197278912,474.3182,0.24739202857017517
9.885895691609978,474.3182,0.23262901604175568
9.888798185941043,0.0,0.22328901290893555
9.891700680272109,0.0,0.2185605764389038
9.894603174603175,0.0,0.21989235281944275
9.89750566893424,0.0,0.20844882726669312
9.900408163265306,0.0,0.2274649739265442
9.903310657596371,0.0,0.23931917548179626
9.906213151927437,0.0,0.2536000609397888
9.909115646258503,0.0,0.25571557879447937
9.91201814058957,0.0,0.2511538863182068
9.914920634920636,0.0,0.24496319890022278
9.917823129251701,0.0,0.23544113337993622
9.920725623582767,0.0,0.22742997109889984
9.923628117913832,0.0,0.20454080402851105
9.926530612244898,0.0,0.19437052309513092
9.929433106575964,0.0,0.18072116374969482
9.93233560090703,0.0,0.18523748219013214
9.935238095238095,0.0,0.19194559752941132
9.93814058956916,0.0,0.18967199325561523
9.941043083900226,0.0,0.1951877623796463
9.943945578231293,0.0,0.19595208764076233
9.946848072562359,0.0,0.19409406185150146
9.949750566893425,0.0,0.18744927644729614
9.95265306122449,0.0,0.18323914706707
9.955555555555556,0.0,0.1782168745994568
9.958458049886621,0.0,0.1721712201833725
9.961360544217687,0.0,0.17227326333522797
9.964263038548753,0.0,0.1750754415988922
9.967165532879818,0.0,0.17893166840076447
9.970068027210884,0.0,0.1925196349620819
9.97297052154195,0.0,0.18605929613113403
9.975873015873017,0.0,0.19890007376670837
9.978775510204082,0.0,0.20637445151805878
9.981678004535148,0.0,0.20337553322315216
9.984580498866213,0.0,0.2104368656873703
9.987482993197279,0.0,0.20733147859573364
9.990385487528345,0.0,0.197646364569664
9.99328798185941,0.0,0.1750597208738327
9.996190476190476,0.0,0.16785025596618652
9.999092970521541,0.0,0.14401374757289886
10.001995464852607,0.0,0.11690045893192291
